# * COMPONENTS * 
#
# file generated by ** cup.H ** 
#
# a drude model was used for silver
# ------------- 
# ome (eV)	real(eps1)	imag(eps1)	real(eps2)	imag(eps2)
#
  2.2     	2.11515    	-0.00201477	-13.7393   	0.197316   
  2.2012  	2.11512    	-0.00202258	-13.7185   	0.196994   
  2.2024  	2.11509    	-0.00203043	-13.6978   	0.196672   
  2.2036  	2.11506    	-0.00203832	-13.6771   	0.196351   
  2.2048  	2.11503    	-0.00204626	-13.6565   	0.19603    
  2.206   	2.115      	-0.00205425	-13.6359   	0.195711   
  2.2072  	2.11496    	-0.00206228	-13.6153   	0.195392   
  2.2084  	2.11493    	-0.00207036	-13.5947   	0.195073   
  2.2096  	2.1149     	-0.00207849	-13.5742   	0.194756   
  2.2108  	2.11487    	-0.00208667	-13.5537   	0.194439   
  2.212   	2.11484    	-0.00209489	-13.5333   	0.194122   
  2.2132  	2.1148     	-0.00210316	-13.5129   	0.193807   
  2.2144  	2.11477    	-0.00211148	-13.4925   	0.193492   
  2.2156  	2.11474    	-0.00211986	-13.4721   	0.193178   
  2.2168  	2.1147     	-0.00212827	-13.4518   	0.192864   
  2.218   	2.11467    	-0.00213674	-13.4315   	0.192551   
  2.2192  	2.11464    	-0.00214527	-13.4113   	0.192239   
  2.2204  	2.1146     	-0.00215384	-13.3911   	0.191928   
  2.2216  	2.11457    	-0.00216246	-13.3709   	0.191617   
  2.2228  	2.11454    	-0.00217113	-13.3507   	0.191307   
  2.224   	2.1145     	-0.00217986	-13.3306   	0.190997   
  2.2252  	2.11447    	-0.00218864	-13.3105   	0.190689   
  2.2264  	2.11444    	-0.00219747	-13.2905   	0.19038    
  2.2276  	2.1144     	-0.00220635	-13.2705   	0.190073   
  2.2288  	2.11437    	-0.00221529	-13.2505   	0.189766   
  2.23    	2.11433    	-0.00222428	-13.2305   	0.18946    
  2.2312  	2.1143     	-0.00223333	-13.2106   	0.189154   
  2.2324  	2.11426    	-0.00224243	-13.1907   	0.18885    
  2.2336  	2.11423    	-0.00225159	-13.1708   	0.188545   
  2.2348  	2.11419    	-0.0022608 	-13.151    	0.188242   
  2.236   	2.11416    	-0.00227007	-13.1312   	0.187939   
  2.2372  	2.11412    	-0.0022794 	-13.1114   	0.187637   
  2.2384  	2.11409    	-0.00228878	-13.0917   	0.187335   
  2.2396  	2.11405    	-0.00229822	-13.072    	0.187034   
  2.2408  	2.11402    	-0.00230772	-13.0523   	0.186734   
  2.242   	2.11398    	-0.00231728	-13.0327   	0.186434   
  2.2432  	2.11395    	-0.0023269 	-13.0131   	0.186135   
  2.2444  	2.11391    	-0.00233658	-12.9935   	0.185837   
  2.2456  	2.11387    	-0.00234631	-12.974    	0.185539   
  2.2468  	2.11384    	-0.00235611	-12.9545   	0.185242   
  2.248   	2.1138     	-0.00236597	-12.935    	0.184945   
  2.2492  	2.11377    	-0.00237589	-12.9155   	0.18465    
  2.2504  	2.11373    	-0.00238587	-12.8961   	0.184354   
  2.2516  	2.11369    	-0.00239592	-12.8767   	0.18406    
  2.2528  	2.11365    	-0.00240603	-12.8574   	0.183766   
  2.254   	2.11362    	-0.0024162 	-12.838    	0.183473   
  2.2552  	2.11358    	-0.00242644	-12.8187   	0.18318    
  2.2564  	2.11354    	-0.00243674	-12.7995   	0.182888   
  2.2576  	2.1135     	-0.0024471 	-12.7802   	0.182596   
  2.2588  	2.11347    	-0.00245754	-12.761    	0.182305   
  2.26    	2.11343    	-0.00246804	-12.7419   	0.182015   
  2.2612  	2.11339    	-0.0024786 	-12.7227   	0.181726   
  2.2624  	2.11335    	-0.00248924	-12.7036   	0.181437   
  2.2636  	2.11331    	-0.00249994	-12.6845   	0.181148   
  2.2648  	2.11328    	-0.00251071	-12.6655   	0.180861   
  2.266   	2.11324    	-0.00252155	-12.6465   	0.180573   
  2.2672  	2.1132     	-0.00253246	-12.6275   	0.180287   
  2.2684  	2.11316    	-0.00254344	-12.6085   	0.180001   
  2.2696  	2.11312    	-0.00255449	-12.5896   	0.179715   
  2.2708  	2.11308    	-0.00256561	-12.5707   	0.179431   
  2.272   	2.11304    	-0.00257681	-12.5518   	0.179147   
  2.2732  	2.113      	-0.00258808	-12.533    	0.178863   
  2.2744  	2.11296    	-0.00259942	-12.5142   	0.17858    
  2.2756  	2.11292    	-0.00261083	-12.4954   	0.178298   
  2.2768  	2.11288    	-0.00262232	-12.4766   	0.178016   
  2.278   	2.11284    	-0.00263389	-12.4579   	0.177735   
  2.2792  	2.1128     	-0.00264553	-12.4392   	0.177454   
  2.2804  	2.11276    	-0.00265725	-12.4205   	0.177174   
  2.2816  	2.11272    	-0.00266905	-12.4019   	0.176895   
  2.2828  	2.11268    	-0.00268093	-12.3833   	0.176616   
  2.284   	2.11264    	-0.00269288	-12.3647   	0.176338   
  2.2852  	2.11259    	-0.00270491	-12.3462   	0.17606    
  2.2864  	2.11255    	-0.00271703	-12.3277   	0.175783   
  2.2876  	2.11251    	-0.00272922	-12.3092   	0.175507   
  2.2888  	2.11247    	-0.0027415 	-12.2907   	0.175231   
  2.29    	2.11243    	-0.00275386	-12.2723   	0.174956   
  2.2912  	2.11238    	-0.0027663 	-12.2539   	0.174681   
  2.2924  	2.11234    	-0.00277883	-12.2355   	0.174407   
  2.2936  	2.1123     	-0.00279144	-12.2172   	0.174133   
  2.2948  	2.11226    	-0.00280414	-12.1989   	0.17386    
  2.296   	2.11221    	-0.00281692	-12.1806   	0.173588   
  2.2972  	2.11217    	-0.00282979	-12.1623   	0.173316   
  2.2984  	2.11213    	-0.00284275	-12.1441   	0.173044   
  2.2996  	2.11208    	-0.00285579	-12.1259   	0.172774   
  2.3008  	2.11204    	-0.00286893	-12.1077   	0.172504   
  2.302   	2.11199    	-0.00288215	-12.0896   	0.172234   
  2.3032  	2.11195    	-0.00289547	-12.0715   	0.171965   
  2.3044  	2.11191    	-0.00290888	-12.0534   	0.171696   
  2.3056  	2.11186    	-0.00292238	-12.0353   	0.171428   
  2.3068  	2.11182    	-0.00293598	-12.0173   	0.171161   
  2.308   	2.11177    	-0.00294966	-11.9993   	0.170894   
  2.3092  	2.11173    	-0.00296345	-11.9813   	0.170628   
  2.3104  	2.11168    	-0.00297733	-11.9634   	0.170362   
  2.3116  	2.11163    	-0.00299131	-11.9455   	0.170097   
  2.3128  	2.11159    	-0.00300538	-11.9276   	0.169833   
  2.314   	2.11154    	-0.00301956	-11.9097   	0.169568   
  2.3152  	2.1115     	-0.00303383	-11.8919   	0.169305   
  2.3164  	2.11145    	-0.00304821	-11.8741   	0.169042   
  2.3176  	2.1114     	-0.00306268	-11.8563   	0.16878    
  2.3188  	2.11136    	-0.00307726	-11.8385   	0.168518   
  2.32    	2.11131    	-0.00309194	-11.8208   	0.168256   
  2.3212  	2.11126    	-0.00310673	-11.8031   	0.167996   
  2.3224  	2.11121    	-0.00312162	-11.7855   	0.167735   
  2.3236  	2.11117    	-0.00313662	-11.7678   	0.167476   
  2.3248  	2.11112    	-0.00315173	-11.7502   	0.167216   
  2.326   	2.11107    	-0.00316694	-11.7326   	0.166958   
  2.3272  	2.11102    	-0.00318227	-11.7151   	0.1667     
  2.3284  	2.11097    	-0.0031977 	-11.6975   	0.166442   
  2.3296  	2.11092    	-0.00321325	-11.68     	0.166185   
  2.3308  	2.11087    	-0.00322891	-11.6625   	0.165928   
  2.332   	2.11083    	-0.00324468	-11.6451   	0.165672   
  2.3332  	2.11078    	-0.00326057	-11.6277   	0.165417   
  2.3344  	2.11073    	-0.00327657	-11.6103   	0.165162   
  2.3356  	2.11068    	-0.0032927 	-11.5929   	0.164908   
  2.3368  	2.11063    	-0.00330894	-11.5756   	0.164654   
  2.338   	2.11058    	-0.00332529	-11.5582   	0.1644     
  2.3392  	2.11052    	-0.00334177	-11.5409   	0.164147   
  2.3404  	2.11047    	-0.00335838	-11.5237   	0.163895   
  2.3416  	2.11042    	-0.0033751 	-11.5064   	0.163643   
  2.3428  	2.11037    	-0.00339195	-11.4892   	0.163392   
  2.344   	2.11032    	-0.00340892	-11.4721   	0.163141   
  2.3452  	2.11027    	-0.00342602	-11.4549   	0.162891   
  2.3464  	2.11022    	-0.00344325	-11.4378   	0.162641   
  2.3476  	2.11016    	-0.00346061	-11.4207   	0.162392   
  2.3488  	2.11011    	-0.0034781 	-11.4036   	0.162143   
  2.35    	2.11006    	-0.00349572	-11.3865   	0.161895   
  2.3512  	2.11       	-0.00351347	-11.3695   	0.161647   
  2.3524  	2.10995    	-0.00353136	-11.3525   	0.1614     
  2.3536  	2.1099     	-0.00354938	-11.3355   	0.161153   
  2.3548  	2.10984    	-0.00356754	-11.3186   	0.160907   
  2.356   	2.10979    	-0.00358584	-11.3016   	0.160661   
  2.3572  	2.10973    	-0.00360428	-11.2848   	0.160416   
  2.3584  	2.10968    	-0.00362286	-11.2679   	0.160171   
  2.3596  	2.10962    	-0.00364158	-11.251    	0.159927   
  2.3608  	2.10957    	-0.00366045	-11.2342   	0.159683   
  2.362   	2.10951    	-0.00367946	-11.2174   	0.15944    
  2.3632  	2.10946    	-0.00369862	-11.2007   	0.159197   
  2.3644  	2.1094     	-0.00371793	-11.1839   	0.158955   
  2.3656  	2.10935    	-0.00373738	-11.1672   	0.158713   
  2.3668  	2.10929    	-0.00375699	-11.1505   	0.158472   
  2.368   	2.10923    	-0.00377676	-11.1338   	0.158231   
  2.3692  	2.10917    	-0.00379667	-11.1172   	0.157991   
  2.3704  	2.10912    	-0.00381675	-11.1006   	0.157751   
  2.3716  	2.10906    	-0.00383698	-11.084    	0.157512   
  2.3728  	2.109      	-0.00385737	-11.0674   	0.157273   
  2.374   	2.10894    	-0.00387793	-11.0509   	0.157035   
  2.3752  	2.10888    	-0.00389864	-11.0344   	0.156797   
  2.3764  	2.10883    	-0.00391953	-11.0179   	0.156559   
  2.3776  	2.10877    	-0.00394057	-11.0014   	0.156322   
  2.3788  	2.10871    	-0.00396179	-10.985    	0.156086   
  2.38    	2.10865    	-0.00398318	-10.9685   	0.15585    
  2.3812  	2.10859    	-0.00400473	-10.9522   	0.155614   
  2.3824  	2.10853    	-0.00402647	-10.9358   	0.155379   
  2.3836  	2.10847    	-0.00404837	-10.9194   	0.155145   
  2.3848  	2.1084     	-0.00407046	-10.9031   	0.154911   
  2.386   	2.10834    	-0.00409272	-10.8868   	0.154677   
  2.3872  	2.10828    	-0.00411517	-10.8706   	0.154444   
  2.3884  	2.10822    	-0.0041378 	-10.8543   	0.154211   
  2.3896  	2.10816    	-0.00416061	-10.8381   	0.153979   
  2.3908  	2.10809    	-0.00418361	-10.8219   	0.153748   
  2.392   	2.10803    	-0.0042068 	-10.8057   	0.153516   
  2.3932  	2.10797    	-0.00423019	-10.7896   	0.153285   
  2.3944  	2.1079     	-0.00425376	-10.7735   	0.153055   
  2.3956  	2.10784    	-0.00427753	-10.7574   	0.152825   
  2.3968  	2.10778    	-0.0043015 	-10.7413   	0.152596   
  2.398   	2.10771    	-0.00432567	-10.7253   	0.152367   
  2.3992  	2.10765    	-0.00435004	-10.7092   	0.152138   
  2.4004  	2.10758    	-0.00437461	-10.6932   	0.15191    
  2.4016  	2.10751    	-0.00439939	-10.6772   	0.151683   
  2.4028  	2.10745    	-0.00442438	-10.6613   	0.151456   
  2.404   	2.10738    	-0.00444958	-10.6454   	0.151229   
  2.4052  	2.10732    	-0.004475  	-10.6295   	0.151003   
  2.4064  	2.10725    	-0.00450063	-10.6136   	0.150777   
  2.4076  	2.10718    	-0.00452648	-10.5977   	0.150552   
  2.4088  	2.10711    	-0.00455254	-10.5819   	0.150327   
  2.41    	2.10705    	-0.00457884	-10.5661   	0.150102   
  2.4112  	2.10698    	-0.00460535	-10.5503   	0.149878   
  2.4124  	2.10691    	-0.0046321 	-10.5345   	0.149655   
  2.4136  	2.10684    	-0.00465908	-10.5188   	0.149432   
  2.4148  	2.10677    	-0.00468629	-10.5031   	0.149209   
  2.416   	2.1067     	-0.00471374	-10.4874   	0.148987   
  2.4172  	2.10663    	-0.00474142	-10.4717   	0.148765   
  2.4184  	2.10656    	-0.00476935	-10.4561   	0.148544   
  2.4196  	2.10649    	-0.00479752	-10.4404   	0.148323   
  2.4208  	2.10642    	-0.00482594	-10.4248   	0.148102   
  2.422   	2.10634    	-0.00485461	-10.4093   	0.147882   
  2.4232  	2.10627    	-0.00488353	-10.3937   	0.147663   
  2.4244  	2.1062     	-0.00491271	-10.3782   	0.147444   
  2.4256  	2.10613    	-0.00494215	-10.3627   	0.147225   
  2.4268  	2.10605    	-0.00497185	-10.3472   	0.147007   
  2.428   	2.10598    	-0.00500181	-10.3317   	0.146789   
  2.4292  	2.1059     	-0.00503205	-10.3163   	0.146571   
  2.4304  	2.10583    	-0.00506255	-10.3009   	0.146354   
  2.4316  	2.10575    	-0.00509333	-10.2855   	0.146138   
  2.4328  	2.10568    	-0.00512439	-10.2701   	0.145922   
  2.434   	2.1056     	-0.00515573	-10.2548   	0.145706   
  2.4352  	2.10553    	-0.00518735	-10.2394   	0.145491   
  2.4364  	2.10545    	-0.00521926	-10.2241   	0.145276   
  2.4376  	2.10537    	-0.00525146	-10.2088   	0.145061   
  2.4388  	2.10529    	-0.00528396	-10.1936   	0.144847   
  2.44    	2.10521    	-0.00531675	-10.1784   	0.144634   
  2.4412  	2.10514    	-0.00534985	-10.1631   	0.144421   
  2.4424  	2.10506    	-0.00538325	-10.148    	0.144208   
  2.4436  	2.10498    	-0.00541697	-10.1328   	0.143996   
  2.4448  	2.1049     	-0.00545099	-10.1176   	0.143784   
  2.446   	2.10482    	-0.00548533	-10.1025   	0.143572   
  2.4472  	2.10474    	-0.00552   	-10.0874   	0.143361   
  2.4484  	2.10465    	-0.00555499	-10.0723   	0.14315    
  2.4496  	2.10457    	-0.0055903 	-10.0573   	0.14294    
  2.4508  	2.10449    	-0.00562596	-10.0423   	0.14273    
  2.452   	2.10441    	-0.00566194	-10.0272   	0.142521   
  2.4532  	2.10432    	-0.00569827	-10.0123   	0.142312   
  2.4544  	2.10424    	-0.00573495	-9.99728   	0.142103   
  2.4556  	2.10416    	-0.00577197	-9.98234   	0.141895   
  2.4568  	2.10407    	-0.00580935	-9.96741   	0.141687   
  2.458   	2.10399    	-0.00584709	-9.95251   	0.14148    
  2.4592  	2.1039     	-0.00588519	-9.93763   	0.141273   
  2.4604  	2.10381    	-0.00592366	-9.92277   	0.141066   
  2.4616  	2.10373    	-0.0059625 	-9.90793   	0.14086    
  2.4628  	2.10364    	-0.00600172	-9.89312   	0.140654   
  2.464   	2.10355    	-0.00604132	-9.87833   	0.140449   
  2.4652  	2.10346    	-0.00608131	-9.86355   	0.140244   
  2.4664  	2.10338    	-0.00612169	-9.8488    	0.140039   
  2.4676  	2.10329    	-0.00616247	-9.83407   	0.139835   
  2.4688  	2.1032     	-0.00620365	-9.81937   	0.139631   
  2.47    	2.10311    	-0.00624524	-9.80468   	0.139428   
  2.4712  	2.10301    	-0.00628724	-9.79002   	0.139225   
  2.4724  	2.10292    	-0.00632966	-9.77537   	0.139022   
  2.4736  	2.10283    	-0.0063725 	-9.76075   	0.13882    
  2.4748  	2.10274    	-0.00641577	-9.74615   	0.138618   
  2.476   	2.10264    	-0.00645948	-9.73157   	0.138417   
  2.4772  	2.10255    	-0.00650363	-9.71701   	0.138216   
  2.4784  	2.10246    	-0.00654822	-9.70248   	0.138015   
  2.4796  	2.10236    	-0.00659327	-9.68796   	0.137815   
  2.4808  	2.10227    	-0.00663877	-9.67346   	0.137615   
  2.482   	2.10217    	-0.00668474	-9.65899   	0.137415   
  2.4832  	2.10207    	-0.00673118	-9.64454   	0.137216   
  2.4844  	2.10198    	-0.0067781 	-9.6301    	0.137018   
  2.4856  	2.10188    	-0.0068255 	-9.61569   	0.136819   
  2.4868  	2.10178    	-0.00687339	-9.6013    	0.136621   
  2.488   	2.10168    	-0.00692178	-9.58693   	0.136424   
  2.4892  	2.10158    	-0.00697067	-9.57258   	0.136226   
  2.4904  	2.10148    	-0.00702007	-9.55826   	0.13603    
  2.4916  	2.10138    	-0.00706999	-9.54395   	0.135833   
  2.4928  	2.10128    	-0.00712043	-9.52966   	0.135637   
  2.494   	2.10117    	-0.00717141	-9.5154    	0.135441   
  2.4952  	2.10107    	-0.00722292	-9.50115   	0.135246   
  2.4964  	2.10097    	-0.00727498	-9.48693   	0.135051   
  2.4976  	2.10086    	-0.0073276 	-9.47272   	0.134857   
  2.4988  	2.10076    	-0.00738078	-9.45854   	0.134662   
  2.5     	2.10065    	-0.00743452	-9.44437   	0.134469   
  2.5012  	2.10055    	-0.00748885	-9.43023   	0.134275   
  2.5024  	2.10044    	-0.00754376	-9.41611   	0.134082   
  2.5036  	2.10033    	-0.00759926	-9.402     	0.133889   
  2.5048  	2.10022    	-0.00765537	-9.38792   	0.133697   
  2.506   	2.10011    	-0.00771209	-9.37386   	0.133505   
  2.5072  	2.1        	-0.00776942	-9.35982   	0.133314   
  2.5084  	2.09989    	-0.00782739	-9.3458    	0.133122   
  2.5096  	2.09978    	-0.007886  	-9.3318    	0.132932   
  2.5108  	2.09967    	-0.00794525	-9.31781   	0.132741   
  2.512   	2.09956    	-0.00800515	-9.30385   	0.132551   
  2.5132  	2.09944    	-0.00806573	-9.28991   	0.132361   
  2.5144  	2.09933    	-0.00812698	-9.27599   	0.132172   
  2.5156  	2.09922    	-0.00818891	-9.26209   	0.131983   
  2.5168  	2.0991     	-0.00825154	-9.24821   	0.131794   
  2.518   	2.09898    	-0.00831488	-9.23434   	0.131606   
  2.5192  	2.09887    	-0.00837893	-9.2205    	0.131418   
  2.5204  	2.09875    	-0.00844371	-9.20668   	0.13123    
  2.5216  	2.09863    	-0.00850922	-9.19288   	0.131043   
  2.5228  	2.09851    	-0.00857549	-9.17909   	0.130856   
  2.524   	2.09839    	-0.00864251	-9.16533   	0.130669   
  2.5252  	2.09827    	-0.0087103 	-9.15159   	0.130483   
  2.5264  	2.09815    	-0.00877888	-9.13786   	0.130297   
  2.5276  	2.09802    	-0.00884825	-9.12416   	0.130112   
  2.5288  	2.0979     	-0.00891843	-9.11047   	0.129927   
  2.53    	2.09778    	-0.00898942	-9.09681   	0.129742   
  2.5312  	2.09765    	-0.00906125	-9.08316   	0.129558   
  2.5324  	2.09752    	-0.00913392	-9.06953   	0.129373   
  2.5336  	2.0974     	-0.00920744	-9.05593   	0.12919    
  2.5348  	2.09727    	-0.00928184	-9.04234   	0.129006   
  2.536   	2.09714    	-0.00935712	-9.02877   	0.128823   
  2.5372  	2.09701    	-0.00943329	-9.01522   	0.128641   
  2.5384  	2.09688    	-0.00951038	-9.00169   	0.128458   
  2.5396  	2.09675    	-0.00958839	-8.98818   	0.128276   
  2.5408  	2.09662    	-0.00966734	-8.97469   	0.128095   
  2.542   	2.09648    	-0.00974724	-8.96121   	0.127913   
  2.5432  	2.09635    	-0.00982811	-8.94776   	0.127732   
  2.5444  	2.09622    	-0.00990997	-8.93432   	0.127552   
  2.5456  	2.09608    	-0.00999283	-8.92091   	0.127371   
  2.5468  	2.09594    	-0.0100767 	-8.90751   	0.127191   
  2.548   	2.0958     	-0.0101616 	-8.89413   	0.127012   
  2.5492  	2.09567    	-0.0102476 	-8.88077   	0.126833   
  2.5504  	2.09553    	-0.0103346 	-8.86743   	0.126654   
  2.5516  	2.09539    	-0.0104227 	-8.85411   	0.126475   
  2.5528  	2.09524    	-0.0105119 	-8.84081   	0.126297   
  2.554   	2.0951     	-0.0106022 	-8.82752   	0.126119   
  2.5552  	2.09496    	-0.0106936 	-8.81426   	0.125941   
  2.5564  	2.09481    	-0.0107862 	-8.80101   	0.125764   
  2.5576  	2.09467    	-0.01088   	-8.78778   	0.125587   
  2.5588  	2.09452    	-0.010975  	-8.77458   	0.12541    
  2.56    	2.09437    	-0.0110712 	-8.76138   	0.125234   
  2.5612  	2.09422    	-0.0111686 	-8.74821   	0.125058   
  2.5624  	2.09407    	-0.0112673 	-8.73506   	0.124883   
  2.5636  	2.09392    	-0.0113672 	-8.72192   	0.124707   
  2.5648  	2.09377    	-0.0114684 	-8.70881   	0.124532   
  2.566   	2.09362    	-0.011571  	-8.69571   	0.124358   
  2.5672  	2.09346    	-0.0116749 	-8.68263   	0.124184   
  2.5684  	2.09331    	-0.0117801 	-8.66957   	0.12401    
  2.5696  	2.09315    	-0.0118868 	-8.65652   	0.123836   
  2.5708  	2.09299    	-0.0119948 	-8.6435    	0.123663   
  2.572   	2.09283    	-0.0121043 	-8.63049   	0.12349    
  2.5732  	2.09267    	-0.0122152 	-8.6175    	0.123317   
  2.5744  	2.09251    	-0.0123276 	-8.60453   	0.123145   
  2.5756  	2.09235    	-0.0124416 	-8.59158   	0.122973   
  2.5768  	2.09219    	-0.012557  	-8.57864   	0.122801   
  2.578   	2.09202    	-0.012674  	-8.56573   	0.122629   
  2.5792  	2.09186    	-0.0127926 	-8.55283   	0.122458   
  2.5804  	2.09169    	-0.0129128 	-8.53995   	0.122288   
  2.5816  	2.09152    	-0.0130347 	-8.52709   	0.122117   
  2.5828  	2.09135    	-0.0131582 	-8.51424   	0.121947   
  2.584   	2.09118    	-0.0132834 	-8.50142   	0.121777   
  2.5852  	2.09101    	-0.0134104 	-8.48861   	0.121608   
  2.5864  	2.09084    	-0.0135391 	-8.47582   	0.121439   
  2.5876  	2.09066    	-0.0136696 	-8.46304   	0.12127    
  2.5888  	2.09049    	-0.013802  	-8.45029   	0.121101   
  2.59    	2.09031    	-0.0139361 	-8.43755   	0.120933   
  2.5912  	2.09013    	-0.0140722 	-8.42483   	0.120765   
  2.5924  	2.08996    	-0.0142102 	-8.41213   	0.120597   
  2.5936  	2.08977    	-0.0143502 	-8.39944   	0.12043    
  2.5948  	2.08959    	-0.0144922 	-8.38678   	0.120263   
  2.596   	2.08941    	-0.0146362 	-8.37413   	0.120096   
  2.5972  	2.08922    	-0.0147822 	-8.36149   	0.11993    
  2.5984  	2.08904    	-0.0149304 	-8.34888   	0.119764   
  2.5996  	2.08885    	-0.0150807 	-8.33628   	0.119598   
  2.6008  	2.08866    	-0.0152332 	-8.3237    	0.119433   
  2.602   	2.08847    	-0.0153879 	-8.31114   	0.119267   
  2.6032  	2.08828    	-0.0155449 	-8.2986    	0.119103   
  2.6044  	2.08809    	-0.0157042 	-8.28607   	0.118938   
  2.6056  	2.0879     	-0.0158659 	-8.27356   	0.118774   
  2.6068  	2.0877     	-0.01603   	-8.26107   	0.11861    
  2.608   	2.0875     	-0.0161965 	-8.24859   	0.118446   
  2.6092  	2.0873     	-0.0163654 	-8.23613   	0.118283   
  2.6104  	2.08711    	-0.016537  	-8.22369   	0.11812    
  2.6116  	2.0869     	-0.0167111 	-8.21127   	0.117957   
  2.6128  	2.0867     	-0.0168878 	-8.19886   	0.117795   
  2.614   	2.0865     	-0.0170672 	-8.18647   	0.117633   
  2.6152  	2.08629    	-0.0172494 	-8.1741    	0.117471   
  2.6164  	2.08609    	-0.0174343 	-8.16174   	0.117309   
  2.6176  	2.08588    	-0.0176221 	-8.1494    	0.117148   
  2.6188  	2.08567    	-0.0178128 	-8.13708   	0.116987   
  2.62    	2.08546    	-0.0180065 	-8.12477   	0.116826   
  2.6212  	2.08524    	-0.0182031 	-8.11249   	0.116666   
  2.6224  	2.08503    	-0.0184028 	-8.10021   	0.116506   
  2.6236  	2.08481    	-0.0186057 	-8.08796   	0.116346   
  2.6248  	2.0846     	-0.0188117 	-8.07572   	0.116187   
  2.626   	2.08438    	-0.019021  	-8.0635    	0.116027   
  2.6272  	2.08416    	-0.0192336 	-8.0513    	0.115868   
  2.6284  	2.08394    	-0.0194496 	-8.03911   	0.11571    
  2.6296  	2.08371    	-0.0196691 	-8.02694   	0.115552   
  2.6308  	2.08349    	-0.0198921 	-8.01479   	0.115393   
  2.632   	2.08326    	-0.0201186 	-8.00265   	0.115236   
  2.6332  	2.08303    	-0.0203489 	-7.99053   	0.115078   
  2.6344  	2.08281    	-0.0205829 	-7.97842   	0.114921   
  2.6356  	2.08258    	-0.0208206 	-7.96634   	0.114764   
  2.6368  	2.08234    	-0.0210623 	-7.95426   	0.114608   
  2.638   	2.08211    	-0.021308  	-7.94221   	0.114451   
  2.6392  	2.08187    	-0.0215577 	-7.93017   	0.114295   
  2.6404  	2.08164    	-0.0218115 	-7.91815   	0.114139   
  2.6416  	2.0814     	-0.0220696 	-7.90614   	0.113984   
  2.6428  	2.08116    	-0.0223319 	-7.89415   	0.113829   
  2.644   	2.08092    	-0.0225987 	-7.88218   	0.113674   
  2.6452  	2.08068    	-0.0228699 	-7.87022   	0.113519   
  2.6464  	2.08043    	-0.0231457 	-7.85828   	0.113365   
  2.6476  	2.08019    	-0.0234262 	-7.84636   	0.113211   
  2.6488  	2.07994    	-0.0237114 	-7.83445   	0.113057   
  2.65    	2.07969    	-0.0240016 	-7.82256   	0.112904   
  2.6512  	2.07944    	-0.0242967 	-7.81068   	0.11275    
  2.6524  	2.07919    	-0.0245968 	-7.79882   	0.112597   
  2.6536  	2.07894    	-0.0249022 	-7.78698   	0.112445   
  2.6548  	2.07869    	-0.0252128 	-7.77515   	0.112292   
  2.656   	2.07843    	-0.0255288 	-7.76334   	0.11214    
  2.6572  	2.07818    	-0.0258503 	-7.75155   	0.111988   
  2.6584  	2.07792    	-0.0261775 	-7.73977   	0.111837   
  2.6596  	2.07766    	-0.0265104 	-7.728     	0.111685   
  2.6608  	2.0774     	-0.0268492 	-7.71626   	0.111534   
  2.662   	2.07714    	-0.027194  	-7.70453   	0.111384   
  2.6632  	2.07688    	-0.0275449 	-7.69281   	0.111233   
  2.6644  	2.07662    	-0.027902  	-7.68111   	0.111083   
  2.6656  	2.07635    	-0.0282655 	-7.66943   	0.110933   
  2.6668  	2.07609    	-0.0286356 	-7.65776   	0.110783   
  2.668   	2.07582    	-0.0290122 	-7.6461    	0.110634   
  2.6692  	2.07555    	-0.0293957 	-7.63447   	0.110485   
  2.6704  	2.07529    	-0.0297861 	-7.62285   	0.110336   
  2.6716  	2.07502    	-0.0301836 	-7.61124   	0.110187   
  2.6728  	2.07475    	-0.0305884 	-7.59965   	0.110039   
  2.674   	2.07448    	-0.0310005 	-7.58808   	0.109891   
  2.6752  	2.07421    	-0.0314202 	-7.57652   	0.109743   
  2.6764  	2.07394    	-0.0318476 	-7.56497   	0.109596   
  2.6776  	2.07366    	-0.0322829 	-7.55345   	0.109448   
  2.6788  	2.07339    	-0.0327262 	-7.54193   	0.109301   
  2.68    	2.07312    	-0.0331777 	-7.53044   	0.109154   
  2.6812  	2.07285    	-0.0336375 	-7.51896   	0.109008   
  2.6824  	2.07258    	-0.034106  	-7.50749   	0.108862   
  2.6836  	2.0723     	-0.0345832 	-7.49604   	0.108716   
  2.6848  	2.07203    	-0.0350693 	-7.4846    	0.10857    
  2.686   	2.07176    	-0.0355645 	-7.47318   	0.108425   
  2.6872  	2.07149    	-0.036069  	-7.46178   	0.108279   
  2.6884  	2.07122    	-0.036583  	-7.45039   	0.108135   
  2.6896  	2.07094    	-0.0371066 	-7.43902   	0.10799    
  2.6908  	2.07067    	-0.0376402 	-7.42766   	0.107845   
  2.692   	2.07041    	-0.0381839 	-7.41631   	0.107701   
  2.6932  	2.07014    	-0.0387378 	-7.40498   	0.107557   
  2.6944  	2.06987    	-0.0393023 	-7.39367   	0.107414   
  2.6956  	2.06961    	-0.0398774 	-7.38237   	0.10727    
  2.6968  	2.06934    	-0.0404635 	-7.37109   	0.107127   
  2.698   	2.06908    	-0.0410608 	-7.35982   	0.106984   
  2.6992  	2.06882    	-0.0416694 	-7.34857   	0.106842   
  2.7004  	2.06856    	-0.0422896 	-7.33733   	0.106699   
  2.7016  	2.06831    	-0.0429216 	-7.32611   	0.106557   
  2.7028  	2.06805    	-0.0435657 	-7.3149    	0.106415   
  2.704   	2.0678     	-0.0442221 	-7.3037    	0.106274   
  2.7052  	2.06756    	-0.0448909 	-7.29253   	0.106132   
  2.7064  	2.06731    	-0.0455725 	-7.28136   	0.105991   
  2.7076  	2.06707    	-0.0462671 	-7.27021   	0.105851   
  2.7088  	2.06684    	-0.0469748 	-7.25908   	0.10571    
  2.71    	2.06661    	-0.047696  	-7.24796   	0.10557    
  2.7112  	2.06638    	-0.0484309 	-7.23686   	0.105429   
  2.7124  	2.06616    	-0.0491797 	-7.22577   	0.10529    
  2.7136  	2.06594    	-0.0499427 	-7.21469   	0.10515    
  2.7148  	2.06573    	-0.05072   	-7.20363   	0.105011   
  2.716   	2.06553    	-0.0515119 	-7.19259   	0.104871   
  2.7172  	2.06533    	-0.0523187 	-7.18155   	0.104733   
  2.7184  	2.06514    	-0.0531405 	-7.17054   	0.104594   
  2.7196  	2.06496    	-0.0539776 	-7.15954   	0.104456   
  2.7208  	2.06478    	-0.0548302 	-7.14855   	0.104317   
  2.722   	2.06462    	-0.0556984 	-7.13758   	0.10418    
  2.7232  	2.06446    	-0.0565827 	-7.12662   	0.104042   
  2.7244  	2.06431    	-0.057483  	-7.11567   	0.103904   
  2.7256  	2.06417    	-0.0583996 	-7.10474   	0.103767   
  2.7268  	2.06404    	-0.0593327 	-7.09383   	0.10363    
  2.728   	2.06393    	-0.0602824 	-7.08293   	0.103494   
  2.7292  	2.06382    	-0.0612489 	-7.07204   	0.103357   
  2.7304  	2.06373    	-0.0622324 	-7.06117   	0.103221   
  2.7316  	2.06365    	-0.0632329 	-7.05031   	0.103085   
  2.7328  	2.06358    	-0.0642506 	-7.03947   	0.102949   
  2.734   	2.06353    	-0.0652856 	-7.02864   	0.102814   
  2.7352  	2.0635     	-0.066338  	-7.01783   	0.102679   
  2.7364  	2.06348    	-0.0674077 	-7.00703   	0.102544   
  2.7376  	2.06347    	-0.0684949 	-6.99624   	0.102409   
  2.7388  	2.06349    	-0.0695995 	-6.98547   	0.102274   
  2.74    	2.06352    	-0.0707216 	-6.97471   	0.10214    
  2.7412  	2.06357    	-0.071861  	-6.96397   	0.102006   
  2.7424  	2.06365    	-0.0730176 	-6.95324   	0.101872   
  2.7436  	2.06374    	-0.0741915 	-6.94252   	0.101738   
  2.7448  	2.06386    	-0.0753823 	-6.93182   	0.101605   
  2.746   	2.064      	-0.0765899 	-6.92113   	0.101472   
  2.7472  	2.06416    	-0.0778141 	-6.91046   	0.101339   
  2.7484  	2.06435    	-0.0790546 	-6.8998    	0.101206   
  2.7496  	2.06457    	-0.080311  	-6.88915   	0.101074   
  2.7508  	2.06481    	-0.0815829 	-6.87852   	0.100942   
  2.752   	2.06509    	-0.08287   	-6.8679    	0.10081    
  2.7532  	2.06539    	-0.0841718 	-6.8573    	0.100678   
  2.7544  	2.06572    	-0.0854876 	-6.84671   	0.100546   
  2.7556  	2.06609    	-0.0868169 	-6.83613   	0.100415   
  2.7568  	2.06648    	-0.0881589 	-6.82557   	0.100284   
  2.758   	2.06692    	-0.089513  	-6.81502   	0.100153   
  2.7592  	2.06738    	-0.0908783 	-6.80449   	0.100023   
  2.7604  	2.06789    	-0.0922539 	-6.79397   	0.0998922  
  2.7616  	2.06843    	-0.0936388 	-6.78346   	0.0997621  
  2.7628  	2.06901    	-0.0950319 	-6.77297   	0.0996321  
  2.764   	2.06963    	-0.0964322 	-6.76249   	0.0995024  
  2.7652  	2.07029    	-0.0978384 	-6.75202   	0.0993729  
  2.7664  	2.071      	-0.0992492 	-6.74157   	0.0992437  
  2.7676  	2.07174    	-0.100663  	-6.73113   	0.0991147  
  2.7688  	2.07253    	-0.102079  	-6.7207    	0.0989858  
  2.77    	2.07337    	-0.103495  	-6.71029   	0.0988573  
  2.7712  	2.07425    	-0.104909  	-6.69989   	0.0987289  
  2.7724  	2.07518    	-0.10632   	-6.68951   	0.0986008  
  2.7736  	2.07616    	-0.107726  	-6.67914   	0.0984728  
  2.7748  	2.07719    	-0.109124  	-6.66878   	0.0983451  
  2.776   	2.07826    	-0.110514  	-6.65843   	0.0982177  
  2.7772  	2.07939    	-0.111892  	-6.6481    	0.0980904  
  2.7784  	2.08056    	-0.113257  	-6.63778   	0.0979634  
  2.7796  	2.08179    	-0.114607  	-6.62748   	0.0978366  
  2.7808  	2.08307    	-0.115938  	-6.61719   	0.09771    
  2.782   	2.08439    	-0.117249  	-6.60691   	0.0975836  
  2.7832  	2.08577    	-0.118537  	-6.59664   	0.0974574  
  2.7844  	2.0872     	-0.1198    	-6.58639   	0.0973315  
  2.7856  	2.08868    	-0.121035  	-6.57616   	0.0972058  
  2.7868  	2.09021    	-0.122239  	-6.56593   	0.0970802  
  2.788   	2.09178    	-0.12341   	-6.55572   	0.0969549  
  2.7892  	2.09341    	-0.124546  	-6.54552   	0.0968299  
  2.7904  	2.09508    	-0.125644  	-6.53533   	0.096705   
  2.7916  	2.0968     	-0.1267    	-6.52516   	0.0965804  
  2.7928  	2.09857    	-0.127713  	-6.515     	0.0964559  
  2.794   	2.10038    	-0.128681  	-6.50486   	0.0963317  
  2.7952  	2.10223    	-0.1296    	-6.49472   	0.0962077  
  2.7964  	2.10412    	-0.130468  	-6.4846    	0.0960839  
  2.7976  	2.10605    	-0.131283  	-6.4745    	0.0959603  
  2.7988  	2.10801    	-0.132043  	-6.4644    	0.0958369  
  2.8     	2.11001    	-0.132745  	-6.45432   	0.0957138  
  2.8012  	2.11204    	-0.133388  	-6.44425   	0.0955908  
  2.8024  	2.1141     	-0.13397   	-6.4342    	0.0954681  
  2.8036  	2.11618    	-0.134489  	-6.42416   	0.0953456  
  2.8048  	2.11829    	-0.134943  	-6.41413   	0.0952232  
  2.806   	2.12042    	-0.135332  	-6.40411   	0.0951011  
  2.8072  	2.12256    	-0.135654  	-6.39411   	0.0949792  
  2.8084  	2.12472    	-0.135908  	-6.38412   	0.0948575  
  2.8096  	2.12689    	-0.136093  	-6.37414   	0.094736   
  2.8108  	2.12906    	-0.136209  	-6.36417   	0.0946148  
  2.812   	2.13124    	-0.136255  	-6.35422   	0.0944937  
  2.8132  	2.13342    	-0.136232  	-6.34428   	0.0943728  
  2.8144  	2.1356     	-0.136139  	-6.33436   	0.0942522  
  2.8156  	2.13777    	-0.135976  	-6.32444   	0.0941317  
  2.8168  	2.13993    	-0.135745  	-6.31454   	0.0940115  
  2.818   	2.14208    	-0.135445  	-6.30465   	0.0938914  
  2.8192  	2.14421    	-0.135078  	-6.29477   	0.0937716  
  2.8204  	2.14633    	-0.134645  	-6.28491   	0.0936519  
  2.8216  	2.14842    	-0.134148  	-6.27506   	0.0935325  
  2.8228  	2.15049    	-0.133586  	-6.26522   	0.0934133  
  2.824   	2.15252    	-0.132963  	-6.25539   	0.0932943  
  2.8252  	2.15453    	-0.13228   	-6.24558   	0.0931754  
  2.8264  	2.15651    	-0.131539  	-6.23578   	0.0930568  
  2.8276  	2.15845    	-0.130742  	-6.22599   	0.0929384  
  2.8288  	2.16035    	-0.129891  	-6.21622   	0.0928202  
  2.83    	2.16222    	-0.128988  	-6.20645   	0.0927022  
  2.8312  	2.16404    	-0.128037  	-6.1967    	0.0925843  
  2.8324  	2.16582    	-0.127038  	-6.18696   	0.0924667  
  2.8336  	2.16756    	-0.125995  	-6.17723   	0.0923493  
  2.8348  	2.16924    	-0.124911  	-6.16752   	0.0922321  
  2.836   	2.17089    	-0.123788  	-6.15782   	0.092115   
  2.8372  	2.17248    	-0.122628  	-6.14813   	0.0919982  
  2.8384  	2.17403    	-0.121434  	-6.13845   	0.0918816  
  2.8396  	2.17552    	-0.120209  	-6.12879   	0.0917652  
  2.8408  	2.17697    	-0.118955  	-6.11913   	0.0916489  
  2.842   	2.17836    	-0.117675  	-6.10949   	0.0915329  
  2.8432  	2.1797     	-0.116371  	-6.09987   	0.091417   
  2.8444  	2.181      	-0.115046  	-6.09025   	0.0913014  
  2.8456  	2.18224    	-0.113703  	-6.08065   	0.0911859  
  2.8468  	2.18343    	-0.112343  	-6.07105   	0.0910707  
  2.848   	2.18457    	-0.110968  	-6.06147   	0.0909556  
  2.8492  	2.18566    	-0.109582  	-6.05191   	0.0908407  
  2.8504  	2.18671    	-0.108186  	-6.04235   	0.0907261  
  2.8516  	2.1877     	-0.106783  	-6.03281   	0.0906116  
  2.8528  	2.18865    	-0.105373  	-6.02328   	0.0904973  
  2.854   	2.18954    	-0.10396   	-6.01376   	0.0903832  
  2.8552  	2.1904     	-0.102544  	-6.00425   	0.0902693  
  2.8564  	2.1912     	-0.101128  	-5.99475   	0.0901556  
  2.8576  	2.19196    	-0.0997136 	-5.98527   	0.090042   
  2.8588  	2.19268    	-0.0983016 	-5.9758    	0.0899287  
  2.86    	2.19336    	-0.0968938 	-5.96634   	0.0898156  
  2.8612  	2.19399    	-0.0954914 	-5.95689   	0.0897026  
  2.8624  	2.19458    	-0.0940958 	-5.94746   	0.0895898  
  2.8636  	2.19514    	-0.092708  	-5.93803   	0.0894773  
  2.8648  	2.19566    	-0.0913293 	-5.92862   	0.0893649  
  2.866   	2.19614    	-0.0899605 	-5.91922   	0.0892527  
  2.8672  	2.19658    	-0.0886027 	-5.90983   	0.0891407  
  2.8684  	2.19699    	-0.0872566 	-5.90045   	0.0890288  
  2.8696  	2.19736    	-0.085923  	-5.89109   	0.0889172  
  2.8708  	2.19771    	-0.0846027 	-5.88174   	0.0888058  
  2.872   	2.19802    	-0.0832963 	-5.87239   	0.0886945  
  2.8732  	2.1983     	-0.0820043 	-5.86306   	0.0885834  
  2.8744  	2.19855    	-0.0807273 	-5.85375   	0.0884725  
  2.8756  	2.19878    	-0.0794657 	-5.84444   	0.0883618  
  2.8768  	2.19898    	-0.07822   	-5.83514   	0.0882513  
  2.878   	2.19915    	-0.0769904 	-5.82586   	0.0881409  
  2.8792  	2.1993     	-0.0757773 	-5.81659   	0.0880308  
  2.8804  	2.19942    	-0.074581  	-5.80733   	0.0879208  
  2.8816  	2.19952    	-0.0734015 	-5.79808   	0.087811   
  2.8828  	2.1996     	-0.0722392 	-5.78884   	0.0877014  
  2.884   	2.19966    	-0.0710941 	-5.77962   	0.087592   
  2.8852  	2.1997     	-0.0699664 	-5.7704    	0.0874827  
  2.8864  	2.19972    	-0.068856  	-5.7612    	0.0873737  
  2.8876  	2.19973    	-0.0677631 	-5.75201   	0.0872648  
  2.8888  	2.19971    	-0.0666876 	-5.74283   	0.0871561  
  2.89    	2.19968    	-0.0656296 	-5.73366   	0.0870476  
  2.8912  	2.19964    	-0.0645889 	-5.72451   	0.0869393  
  2.8924  	2.19958    	-0.0635655 	-5.71536   	0.0868311  
  2.8936  	2.1995     	-0.0625593 	-5.70623   	0.0867231  
  2.8948  	2.19941    	-0.0615703 	-5.69711   	0.0866153  
  2.896   	2.19931    	-0.0605982 	-5.68799   	0.0865077  
  2.8972  	2.1992     	-0.059643  	-5.67889   	0.0864002  
  2.8984  	2.19907    	-0.0587044 	-5.66981   	0.086293   
  2.8996  	2.19894    	-0.0577824 	-5.66073   	0.0861859  
  2.9008  	2.19879    	-0.0568768 	-5.65166   	0.086079   
  2.902   	2.19864    	-0.0559873 	-5.64261   	0.0859722  
  2.9032  	2.19847    	-0.0551138 	-5.63356   	0.0858657  
  2.9044  	2.1983     	-0.0542561 	-5.62453   	0.0857593  
  2.9056  	2.19812    	-0.0534139 	-5.61551   	0.0856531  
  2.9068  	2.19793    	-0.0525871 	-5.6065    	0.0855471  
  2.908   	2.19774    	-0.0517754 	-5.5975    	0.0854412  
  2.9092  	2.19753    	-0.0509786 	-5.58851   	0.0853355  
  2.9104  	2.19733    	-0.0501965 	-5.57954   	0.08523    
  2.9116  	2.19711    	-0.0494289 	-5.57057   	0.0851247  
  2.9128  	2.19689    	-0.0486755 	-5.56162   	0.0850195  
  2.914   	2.19667    	-0.047936  	-5.55267   	0.0849145  
  2.9152  	2.19644    	-0.0472104 	-5.54374   	0.0848097  
  2.9164  	2.1962     	-0.0464982 	-5.53482   	0.0847051  
  2.9176  	2.19597    	-0.0457993 	-5.52591   	0.0846006  
  2.9188  	2.19572    	-0.0451135 	-5.51701   	0.0844963  
  2.92    	2.19548    	-0.0444405 	-5.50812   	0.0843922  
  2.9212  	2.19523    	-0.0437801 	-5.49925   	0.0842882  
  2.9224  	2.19498    	-0.043132  	-5.49038   	0.0841845  
  2.9236  	2.19472    	-0.042496  	-5.48152   	0.0840808  
  2.9248  	2.19447    	-0.0418719 	-5.47268   	0.0839774  
  2.926   	2.19421    	-0.0412595 	-5.46385   	0.0838741  
  2.9272  	2.19394    	-0.0406586 	-5.45502   	0.083771   
  2.9284  	2.19368    	-0.0400688 	-5.44621   	0.0836681  
  2.9296  	2.19342    	-0.0394901 	-5.43741   	0.0835653  
  2.9308  	2.19315    	-0.0389222 	-5.42862   	0.0834627  
  2.932   	2.19288    	-0.0383648 	-5.41984   	0.0833603  
  2.9332  	2.19261    	-0.0378178 	-5.41107   	0.083258   
  2.9344  	2.19234    	-0.0372809 	-5.40231   	0.0831559  
  2.9356  	2.19207    	-0.036754  	-5.39356   	0.083054   
  2.9368  	2.1918     	-0.0362368 	-5.38483   	0.0829522  
  2.938   	2.19153    	-0.0357292 	-5.3761    	0.0828506  
  2.9392  	2.19126    	-0.035231  	-5.36739   	0.0827492  
  2.9404  	2.19099    	-0.0347419 	-5.35868   	0.0826479  
  2.9416  	2.19071    	-0.0342618 	-5.34999   	0.0825468  
  2.9428  	2.19044    	-0.0337906 	-5.34131   	0.0824459  
  2.944   	2.19017    	-0.0333279 	-5.33263   	0.0823451  
  2.9452  	2.1899     	-0.0328736 	-5.32397   	0.0822445  
  2.9464  	2.18963    	-0.0324277 	-5.31532   	0.0821441  
  2.9476  	2.18935    	-0.0319898 	-5.30668   	0.0820438  
  2.9488  	2.18908    	-0.0315598 	-5.29805   	0.0819437  
  2.95    	2.18881    	-0.0311376 	-5.28943   	0.0818437  
  2.9512  	2.18854    	-0.030723  	-5.28082   	0.0817439  
  2.9524  	2.18827    	-0.0303159 	-5.27222   	0.0816443  
  2.9536  	2.188      	-0.029916  	-5.26363   	0.0815448  
  2.9548  	2.18773    	-0.0295233 	-5.25505   	0.0814455  
  2.956   	2.18747    	-0.0291375 	-5.24649   	0.0813464  
  2.9572  	2.1872     	-0.0287586 	-5.23793   	0.0812474  
  2.9584  	2.18694    	-0.0283864 	-5.22938   	0.0811486  
  2.9596  	2.18667    	-0.0280208 	-5.22085   	0.0810499  
  2.9608  	2.18641    	-0.0276615 	-5.21232   	0.0809514  
  2.962   	2.18615    	-0.0273086 	-5.2038    	0.0808531  
  2.9632  	2.18588    	-0.0269619 	-5.1953    	0.0807549  
  2.9644  	2.18562    	-0.0266211 	-5.1868    	0.0806568  
  2.9656  	2.18537    	-0.0262863 	-5.17832   	0.080559   
  2.9668  	2.18511    	-0.0259572 	-5.16985   	0.0804613  
  2.968   	2.18485    	-0.0256339 	-5.16138   	0.0803637  
  2.9692  	2.1846     	-0.0253161 	-5.15293   	0.0802663  
  2.9704  	2.18434    	-0.0250037 	-5.14448   	0.0801691  
  2.9716  	2.18409    	-0.0246966 	-5.13605   	0.080072   
  2.9728  	2.18384    	-0.0243947 	-5.12763   	0.0799751  
  2.974   	2.18359    	-0.024098  	-5.11922   	0.0798783  
  2.9752  	2.18334    	-0.0238063 	-5.11081   	0.0797817  
  2.9764  	2.18309    	-0.0235194 	-5.10242   	0.0796853  
  2.9776  	2.18285    	-0.0232374 	-5.09404   	0.079589   
  2.9788  	2.1826     	-0.02296   	-5.08567   	0.0794928  
  2.98    	2.18236    	-0.0226873 	-5.0773    	0.0793968  
  2.9812  	2.18212    	-0.0224191 	-5.06895   	0.079301   
  2.9824  	2.18188    	-0.0221553 	-5.06061   	0.0792053  
  2.9836  	2.18164    	-0.0218958 	-5.05228   	0.0791098  
  2.9848  	2.1814     	-0.0216406 	-5.04396   	0.0790144  
  2.986   	2.18117    	-0.0213896 	-5.03564   	0.0789192  
  2.9872  	2.18093    	-0.0211426 	-5.02734   	0.0788241  
  2.9884  	2.1807     	-0.0208996 	-5.01905   	0.0787292  
  2.9896  	2.18047    	-0.0206606 	-5.01077   	0.0786344  
  2.9908  	2.18024    	-0.0204254 	-5.0025    	0.0785398  
  2.992   	2.18001    	-0.0201939 	-4.99423   	0.0784454  
  2.9932  	2.17979    	-0.0199661 	-4.98598   	0.0783511  
  2.9944  	2.17956    	-0.019742  	-4.97774   	0.0782569  
  2.9956  	2.17934    	-0.0195214 	-4.96951   	0.0781629  
  2.9968  	2.17911    	-0.0193042 	-4.96129   	0.0780691  
  2.998   	2.17889    	-0.0190905 	-4.95307   	0.0779753  
  2.9992  	2.17868    	-0.0188801 	-4.94487   	0.0778818  
  3.0004  	2.17846    	-0.018673  	-4.93668   	0.0777884  
  3.0016  	2.17824    	-0.0184691 	-4.9285    	0.0776951  
  3.0028  	2.17803    	-0.0182684 	-4.92032   	0.077602   
  3.004   	2.17781    	-0.0180707 	-4.91216   	0.0775091  
  3.0052  	2.1776     	-0.0178761 	-4.90401   	0.0774163  
  3.0064  	2.17739    	-0.0176845 	-4.89586   	0.0773236  
  3.0076  	2.17718    	-0.0174957 	-4.88773   	0.0772311  
  3.0088  	2.17698    	-0.0173099 	-4.8796    	0.0771387  
  3.01    	2.17677    	-0.0171268 	-4.87149   	0.0770465  
  3.0112  	2.17657    	-0.0169465 	-4.86338   	0.0769544  
  3.0124  	2.17636    	-0.0167689 	-4.85529   	0.0768625  
  3.0136  	2.17616    	-0.0165939 	-4.8472    	0.0767707  
  3.0148  	2.17596    	-0.0164215 	-4.83913   	0.0766791  
  3.016   	2.17576    	-0.0162517 	-4.83106   	0.0765876  
  3.0172  	2.17556    	-0.0160844 	-4.82301   	0.0764963  
  3.0184  	2.17537    	-0.0159196 	-4.81496   	0.0764051  
  3.0196  	2.17517    	-0.0157571 	-4.80692   	0.076314   
  3.0208  	2.17498    	-0.015597  	-4.79889   	0.0762231  
  3.022   	2.17479    	-0.0154393 	-4.79087   	0.0761323  
  3.0232  	2.1746     	-0.0152838 	-4.78287   	0.0760417  
  3.0244  	2.17441    	-0.0151306 	-4.77487   	0.0759513  
  3.0256  	2.17422    	-0.0149796 	-4.76688   	0.0758609  
  3.0268  	2.17404    	-0.0148307 	-4.7589    	0.0757707  
  3.028   	2.17385    	-0.0146839 	-4.75093   	0.0756807  
  3.0292  	2.17367    	-0.0145393 	-4.74297   	0.0755908  
  3.0304  	2.17349    	-0.0143966 	-4.73501   	0.075501   
  3.0316  	2.1733     	-0.014256  	-4.72707   	0.0754114  
  3.0328  	2.17312    	-0.0141174 	-4.71914   	0.0753219  
  3.034   	2.17295    	-0.0139807 	-4.71121   	0.0752326  
  3.0352  	2.17277    	-0.0138458 	-4.7033    	0.0751434  
  3.0364  	2.17259    	-0.0137129 	-4.6954    	0.0750544  
  3.0376  	2.17242    	-0.0135818 	-4.6875    	0.0749654  
  3.0388  	2.17224    	-0.0134525 	-4.67961   	0.0748767  
  3.04    	2.17207    	-0.013325  	-4.67174   	0.074788   
  3.0412  	2.1719     	-0.0131992 	-4.66387   	0.0746995  
  3.0424  	2.17173    	-0.0130751 	-4.65601   	0.0746112  
  3.0436  	2.17156    	-0.0129527 	-4.64816   	0.074523   
  3.0448  	2.1714     	-0.012832  	-4.64032   	0.0744349  
  3.046   	2.17123    	-0.0127128 	-4.63249   	0.074347   
  3.0472  	2.17107    	-0.0125953 	-4.62467   	0.0742592  
  3.0484  	2.1709     	-0.0124793 	-4.61686   	0.0741715  
  3.0496  	2.17074    	-0.0123649 	-4.60906   	0.074084   
  3.0508  	2.17058    	-0.012252  	-4.60127   	0.0739966  
  3.052   	2.17042    	-0.0121406 	-4.59348   	0.0739094  
  3.0532  	2.17026    	-0.0120306 	-4.58571   	0.0738223  
  3.0544  	2.1701     	-0.0119221 	-4.57794   	0.0737353  
  3.0556  	2.16994    	-0.011815  	-4.57018   	0.0736485  
  3.0568  	2.16979    	-0.0117093 	-4.56244   	0.0735618  
  3.058   	2.16963    	-0.011605  	-4.5547    	0.0734752  
  3.0592  	2.16948    	-0.011502  	-4.54697   	0.0733888  
  3.0604  	2.16933    	-0.0114003 	-4.53925   	0.0733025  
  3.0616  	2.16918    	-0.0113    	-4.53154   	0.0732163  
  3.0628  	2.16903    	-0.0112009 	-4.52384   	0.0731303  
  3.064   	2.16888    	-0.0111031 	-4.51614   	0.0730444  
  3.0652  	2.16873    	-0.0110065 	-4.50846   	0.0729587  
  3.0664  	2.16858    	-0.0109111 	-4.50078   	0.072873   
  3.0676  	2.16844    	-0.0108169 	-4.49312   	0.0727876  
  3.0688  	2.16829    	-0.0107239 	-4.48546   	0.0727022  
  3.07    	2.16815    	-0.0106321 	-4.47781   	0.072617   
  3.0712  	2.168      	-0.0105414 	-4.47017   	0.0725319  
  3.0724  	2.16786    	-0.0104519 	-4.46254   	0.072447   
  3.0736  	2.16772    	-0.0103634 	-4.45492   	0.0723621  
  3.0748  	2.16758    	-0.010276  	-4.44731   	0.0722774  
  3.076   	2.16744    	-0.0101897 	-4.43971   	0.0721929  
  3.0772  	2.1673     	-0.0101045 	-4.43211   	0.0721085  
  3.0784  	2.16717    	-0.0100203 	-4.42453   	0.0720242  
  3.0796  	2.16703    	-0.00993709	-4.41695   	0.07194    
  3.0808  	2.16689    	-0.00985491	-4.40938   	0.071856   
  3.082   	2.16676    	-0.00977371	-4.40182   	0.0717721  
  3.0832  	2.16663    	-0.00969349	-4.39427   	0.0716883  
  3.0844  	2.16649    	-0.00961423	-4.38673   	0.0716047  
  3.0856  	2.16636    	-0.00953591	-4.3792    	0.0715212  
  3.0868  	2.16623    	-0.00945853	-4.37168   	0.0714378  
  3.088   	2.1661     	-0.00938205	-4.36416   	0.0713546  
  3.0892  	2.16597    	-0.00930648	-4.35666   	0.0712714  
  3.0904  	2.16584    	-0.0092318 	-4.34916   	0.0711885  
  3.0916  	2.16572    	-0.00915799	-4.34167   	0.0711056  
  3.0928  	2.16559    	-0.00908504	-4.33419   	0.0710229  
  3.094   	2.16546    	-0.00901294	-4.32672   	0.0709403  
  3.0952  	2.16534    	-0.00894167	-4.31926   	0.0708578  
  3.0964  	2.16522    	-0.00887122	-4.3118    	0.0707754  
  3.0976  	2.16509    	-0.00880159	-4.30436   	0.0706932  
  3.0988  	2.16497    	-0.00873275	-4.29692   	0.0706111  
  3.1     	2.16485    	-0.0086647 	-4.28949   	0.0705292  
  3.1012  	2.16473    	-0.00859743	-4.28207   	0.0704473  
  3.1024  	2.16461    	-0.00853092	-4.27466   	0.0703656  
  3.1036  	2.16449    	-0.00846516	-4.26726   	0.070284   
  3.1048  	2.16437    	-0.00840014	-4.25987   	0.0702026  
  3.106   	2.16425    	-0.00833585	-4.25248   	0.0701212  
  3.1072  	2.16414    	-0.00827228	-4.2451    	0.07004    
  3.1084  	2.16402    	-0.00820942	-4.23774   	0.0699589  
  3.1096  	2.16391    	-0.00814726	-4.23038   	0.069878   
  3.1108  	2.16379    	-0.00808578	-4.22303   	0.0697972  
  3.112   	2.16368    	-0.00802499	-4.21568   	0.0697164  
  3.1132  	2.16357    	-0.00796486	-4.20835   	0.0696359  
  3.1144  	2.16345    	-0.0079054 	-4.20102   	0.0695554  
  3.1156  	2.16334    	-0.00784658	-4.19371   	0.0694751  
  3.1168  	2.16323    	-0.00778841	-4.1864    	0.0693949  
  3.118   	2.16312    	-0.00773086	-4.1791    	0.0693148  
  3.1192  	2.16301    	-0.00767394	-4.17181   	0.0692348  
  3.1204  	2.1629     	-0.00761763	-4.16452   	0.069155   
  3.1216  	2.1628     	-0.00756193	-4.15725   	0.0690752  
  3.1228  	2.16269    	-0.00750683	-4.14998   	0.0689956  
  3.124   	2.16258    	-0.00745231	-4.14272   	0.0689162  
  3.1252  	2.16248    	-0.00739838	-4.13547   	0.0688368  
  3.1264  	2.16237    	-0.00734501	-4.12823   	0.0687576  
  3.1276  	2.16227    	-0.00729221	-4.121     	0.0686785  
  3.1288  	2.16216    	-0.00723997	-4.11377   	0.0685995  
  3.13    	2.16206    	-0.00718828	-4.10656   	0.0685206  
  3.1312  	2.16196    	-0.00713713	-4.09935   	0.0684419  
  3.1324  	2.16185    	-0.00708651	-4.09215   	0.0683632  
  3.1336  	2.16175    	-0.00703642	-4.08496   	0.0682847  
  3.1348  	2.16165    	-0.00698685	-4.07778   	0.0682064  
  3.136   	2.16155    	-0.00693779	-4.0706    	0.0681281  
  3.1372  	2.16145    	-0.00688924	-4.06343   	0.0680499  
  3.1384  	2.16135    	-0.00684119	-4.05627   	0.0679719  
  3.1396  	2.16126    	-0.00679362	-4.04912   	0.067894   
  3.1408  	2.16116    	-0.00674655	-4.04198   	0.0678162  
  3.142   	2.16106    	-0.00669995	-4.03485   	0.0677386  
  3.1432  	2.16097    	-0.00665383	-4.02772   	0.067661   
  3.1444  	2.16087    	-0.00660817	-4.0206    	0.0675836  
  3.1456  	2.16077    	-0.00656298	-4.01349   	0.0675063  
  3.1468  	2.16068    	-0.00651824	-4.00639   	0.0674291  
  3.148   	2.16059    	-0.00647394	-3.9993    	0.067352   
  3.1492  	2.16049    	-0.00643009	-3.99221   	0.067275   
  3.1504  	2.1604     	-0.00638668	-3.98514   	0.0671982  
  3.1516  	2.16031    	-0.00634369	-3.97807   	0.0671214  
  3.1528  	2.16022    	-0.00630114	-3.97101   	0.0670448  
  3.154   	2.16012    	-0.006259  	-3.96395   	0.0669683  
  3.1552  	2.16003    	-0.00621728	-3.95691   	0.066892   
  3.1564  	2.15994    	-0.00617596	-3.94987   	0.0668157  
  3.1576  	2.15985    	-0.00613505	-3.94284   	0.0667396  
  3.1588  	2.15977    	-0.00609454	-3.93582   	0.0666635  
  3.16    	2.15968    	-0.00605442	-3.92881   	0.0665876  
  3.1612  	2.15959    	-0.0060147 	-3.9218    	0.0665118  
  3.1624  	2.1595     	-0.00597535	-3.91481   	0.0664361  
  3.1636  	2.15941    	-0.00593639	-3.90782   	0.0663606  
  3.1648  	2.15933    	-0.00589779	-3.90084   	0.0662851  
  3.166   	2.15924    	-0.00585957	-3.89386   	0.0662098  
  3.1672  	2.15916    	-0.00582172	-3.8869    	0.0661345  
  3.1684  	2.15907    	-0.00578422	-3.87994   	0.0660594  
  3.1696  	2.15899    	-0.00574708	-3.87299   	0.0659844  
  3.1708  	2.1589     	-0.00571029	-3.86605   	0.0659095  
  3.172   	2.15882    	-0.00567385	-3.85912   	0.0658348  
  3.1732  	2.15874    	-0.00563775	-3.85219   	0.0657601  
  3.1744  	2.15865    	-0.00560198	-3.84527   	0.0656856  
  3.1756  	2.15857    	-0.00556656	-3.83836   	0.0656111  
  3.1768  	2.15849    	-0.00553146	-3.83146   	0.0655368  
  3.178   	2.15841    	-0.00549669	-3.82457   	0.0654626  
  3.1792  	2.15833    	-0.00546224	-3.81768   	0.0653885  
  3.1804  	2.15825    	-0.00542811	-3.8108    	0.0653145  
  3.1816  	2.15817    	-0.0053943 	-3.80393   	0.0652406  
  3.1828  	2.15809    	-0.00536079	-3.79707   	0.0651669  
  3.184   	2.15801    	-0.0053276 	-3.79021   	0.0650932  
  3.1852  	2.15793    	-0.0052947 	-3.78337   	0.0650197  
  3.1864  	2.15785    	-0.00526211	-3.77653   	0.0649463  
  3.1876  	2.15778    	-0.00522981	-3.76969   	0.0648729  
  3.1888  	2.1577     	-0.0051978 	-3.76287   	0.0647997  
  3.19    	2.15762    	-0.00516609	-3.75605   	0.0647266  
  3.1912  	2.15755    	-0.00513466	-3.74924   	0.0646537  
  3.1924  	2.15747    	-0.00510351	-3.74244   	0.0645808  
  3.1936  	2.1574     	-0.00507264	-3.73565   	0.064508   
  3.1948  	2.15732    	-0.00504204	-3.72886   	0.0644353  
  3.196   	2.15725    	-0.00501172	-3.72208   	0.0643628  
  3.1972  	2.15717    	-0.00498167	-3.71531   	0.0642904  
  3.1984  	2.1571     	-0.00495188	-3.70855   	0.064218   
  3.1996  	2.15703    	-0.00492236	-3.70179   	0.0641458  
  3.2008  	2.15695    	-0.00489309	-3.69505   	0.0640737  
  3.202   	2.15688    	-0.00486409	-3.6883    	0.0640017  
  3.2032  	2.15681    	-0.00483534	-3.68157   	0.0639298  
  3.2044  	2.15674    	-0.00480683	-3.67485   	0.063858   
  3.2056  	2.15667    	-0.00477858	-3.66813   	0.0637863  
  3.2068  	2.15659    	-0.00475057	-3.66142   	0.0637147  
  3.208   	2.15652    	-0.00472281	-3.65472   	0.0636432  
  3.2092  	2.15645    	-0.00469528	-3.64802   	0.0635719  
  3.2104  	2.15638    	-0.004668  	-3.64133   	0.0635006  
  3.2116  	2.15631    	-0.00464094	-3.63465   	0.0634295  
  3.2128  	2.15625    	-0.00461412	-3.62798   	0.0633584  
  3.214   	2.15618    	-0.00458753	-3.62131   	0.0632875  
  3.2152  	2.15611    	-0.00456116	-3.61466   	0.0632167  
  3.2164  	2.15604    	-0.00453502	-3.60801   	0.0631459  
  3.2176  	2.15597    	-0.0045091 	-3.60136   	0.0630753  
  3.2188  	2.15591    	-0.0044834 	-3.59473   	0.0630048  
  3.22    	2.15584    	-0.00445791	-3.5881    	0.0629344  
  3.2212  	2.15577    	-0.00443264	-3.58148   	0.0628641  
  3.2224  	2.15571    	-0.00440758	-3.57487   	0.0627939  
  3.2236  	2.15564    	-0.00438273	-3.56826   	0.0627238  
  3.2248  	2.15558    	-0.00435809	-3.56166   	0.0626538  
  3.226   	2.15551    	-0.00433365	-3.55507   	0.0625839  
  3.2272  	2.15545    	-0.00430942	-3.54849   	0.0625141  
  3.2284  	2.15538    	-0.00428539	-3.54191   	0.0624444  
  3.2296  	2.15532    	-0.00426155	-3.53534   	0.0623748  
  3.2308  	2.15525    	-0.00423791	-3.52878   	0.0623054  
  3.232   	2.15519    	-0.00421447	-3.52223   	0.062236   
  3.2332  	2.15513    	-0.00419121	-3.51568   	0.0621667  
  3.2344  	2.15506    	-0.00416815	-3.50914   	0.0620976  
  3.2356  	2.155      	-0.00414528	-3.50261   	0.0620285  
  3.2368  	2.15494    	-0.00412259	-3.49608   	0.0619595  
  3.238   	2.15488    	-0.00410008	-3.48956   	0.0618907  
  3.2392  	2.15482    	-0.00407776	-3.48305   	0.0618219  
  3.2404  	2.15475    	-0.00405561	-3.47655   	0.0617533  
  3.2416  	2.15469    	-0.00403365	-3.47005   	0.0616847  
  3.2428  	2.15463    	-0.00401186	-3.46356   	0.0616163  
  3.244   	2.15457    	-0.00399024	-3.45708   	0.0615479  
  3.2452  	2.15451    	-0.0039688 	-3.45061   	0.0614797  
  3.2464  	2.15445    	-0.00394753	-3.44414   	0.0614115  
  3.2476  	2.15439    	-0.00392642	-3.43768   	0.0613435  
  3.2488  	2.15434    	-0.00390549	-3.43122   	0.0612755  
  3.25    	2.15428    	-0.00388472	-3.42478   	0.0612077  
  3.2512  	2.15422    	-0.00386411	-3.41834   	0.0611399  
  3.2524  	2.15416    	-0.00384367	-3.41191   	0.0610723  
  3.2536  	2.1541     	-0.00382338	-3.40548   	0.0610047  
  3.2548  	2.15404    	-0.00380325	-3.39906   	0.0609373  
  3.256   	2.15399    	-0.00378329	-3.39265   	0.0608699  
  3.2572  	2.15393    	-0.00376347	-3.38625   	0.0608027  
  3.2584  	2.15387    	-0.00374381	-3.37985   	0.0607355  
  3.2596  	2.15382    	-0.0037243 	-3.37346   	0.0606685  
  3.2608  	2.15376    	-0.00370495	-3.36708   	0.0606015  
  3.262   	2.1537     	-0.00368574	-3.36071   	0.0605347  
  3.2632  	2.15365    	-0.00366668	-3.35434   	0.0604679  
  3.2644  	2.15359    	-0.00364776	-3.34798   	0.0604013  
  3.2656  	2.15354    	-0.00362899	-3.34162   	0.0603347  
  3.2668  	2.15348    	-0.00361037	-3.33528   	0.0602682  
  3.268   	2.15343    	-0.00359188	-3.32894   	0.0602019  
  3.2692  	2.15337    	-0.00357354	-3.3226    	0.0601356  
  3.2704  	2.15332    	-0.00355533	-3.31628   	0.0600694  
  3.2716  	2.15327    	-0.00353727	-3.30996   	0.0600034  
  3.2728  	2.15321    	-0.00351933	-3.30364   	0.0599374  
  3.274   	2.15316    	-0.00350154	-3.29734   	0.0598715  
  3.2752  	2.15311    	-0.00348387	-3.29104   	0.0598057  
  3.2764  	2.15305    	-0.00346634	-3.28475   	0.05974    
  3.2776  	2.153      	-0.00344894	-3.27846   	0.0596745  
  3.2788  	2.15295    	-0.00343167	-3.27219   	0.059609   
  3.28    	2.1529     	-0.00341453	-3.26592   	0.0595436  
  3.2812  	2.15285    	-0.00339751	-3.25965   	0.0594783  
  3.2824  	2.15279    	-0.00338062	-3.25339   	0.059413   
  3.2836  	2.15274    	-0.00336386	-3.24714   	0.0593479  
  3.2848  	2.15269    	-0.00334722	-3.2409    	0.0592829  
  3.286   	2.15264    	-0.0033307 	-3.23466   	0.059218   
  3.2872  	2.15259    	-0.0033143 	-3.22843   	0.0591532  
  3.2884  	2.15254    	-0.00329802	-3.22221   	0.0590884  
  3.2896  	2.15249    	-0.00328186	-3.216     	0.0590238  
  3.2908  	2.15244    	-0.00326582	-3.20979   	0.0589593  
  3.292   	2.15239    	-0.00324989	-3.20358   	0.0588948  
  3.2932  	2.15234    	-0.00323408	-3.19739   	0.0588305  
  3.2944  	2.15229    	-0.00321838	-3.1912    	0.0587662  
  3.2956  	2.15224    	-0.0032028 	-3.18502   	0.058702   
  3.2968  	2.15219    	-0.00318733	-3.17884   	0.0586379  
  3.298   	2.15215    	-0.00317197	-3.17267   	0.058574   
  3.2992  	2.1521     	-0.00315672	-3.16651   	0.0585101  
  3.3004  	2.15205    	-0.00314157	-3.16035   	0.0584463  
  3.3016  	2.152      	-0.00312654	-3.15421   	0.0583826  
  3.3028  	2.15195    	-0.00311161	-3.14806   	0.058319   
  3.304   	2.15191    	-0.00309679	-3.14193   	0.0582554  
  3.3052  	2.15186    	-0.00308207	-3.1358    	0.058192   
  3.3064  	2.15181    	-0.00306746	-3.12968   	0.0581287  
  3.3076  	2.15177    	-0.00305295	-3.12356   	0.0580654  
  3.3088  	2.15172    	-0.00303854	-3.11746   	0.0580023  
  3.31    	2.15167    	-0.00302424	-3.11135   	0.0579392  
  3.3112  	2.15163    	-0.00301003	-3.10526   	0.0578763  
  3.3124  	2.15158    	-0.00299592	-3.09917   	0.0578134  
  3.3136  	2.15154    	-0.00298191	-3.09309   	0.0577506  
  3.3148  	2.15149    	-0.002968  	-3.08701   	0.0576879  
  3.316   	2.15144    	-0.00295418	-3.08094   	0.0576253  
  3.3172  	2.1514     	-0.00294046	-3.07488   	0.0575628  
  3.3184  	2.15135    	-0.00292684	-3.06883   	0.0575004  
  3.3196  	2.15131    	-0.00291331	-3.06278   	0.057438   
  3.3208  	2.15127    	-0.00289987	-3.05673   	0.0573758  
  3.322   	2.15122    	-0.00288652	-3.0507    	0.0573136  
  3.3232  	2.15118    	-0.00287327	-3.04467   	0.0572516  
  3.3244  	2.15113    	-0.0028601 	-3.03865   	0.0571896  
  3.3256  	2.15109    	-0.00284703	-3.03263   	0.0571277  
  3.3268  	2.15105    	-0.00283404	-3.02662   	0.0570659  
  3.328   	2.151      	-0.00282114	-3.02062   	0.0570042  
  3.3292  	2.15096    	-0.00280833	-3.01462   	0.0569426  
  3.3304  	2.15092    	-0.0027956 	-3.00863   	0.0568811  
  3.3316  	2.15087    	-0.00278296	-3.00264   	0.0568196  
  3.3328  	2.15083    	-0.00277041	-2.99667   	0.0567583  
  3.334   	2.15079    	-0.00275794	-2.9907    	0.056697   
  3.3352  	2.15075    	-0.00274555	-2.98473   	0.0566358  
  3.3364  	2.1507     	-0.00273325	-2.97877   	0.0565748  
  3.3376  	2.15066    	-0.00272103	-2.97282   	0.0565138  
  3.3388  	2.15062    	-0.00270889	-2.96688   	0.0564528  
  3.34    	2.15058    	-0.00269683	-2.96094   	0.056392   
  3.3412  	2.15054    	-0.00268485	-2.955     	0.0563313  
  3.3424  	2.1505     	-0.00267295	-2.94908   	0.0562706  
  3.3436  	2.15046    	-0.00266112	-2.94316   	0.0562101  
  3.3448  	2.15041    	-0.00264938	-2.93724   	0.0561496  
  3.346   	2.15037    	-0.00263771	-2.93134   	0.0560892  
  3.3472  	2.15033    	-0.00262612	-2.92544   	0.0560289  
  3.3484  	2.15029    	-0.0026146 	-2.91954   	0.0559687  
  3.3496  	2.15025    	-0.00260316	-2.91365   	0.0559086  
  3.3508  	2.15021    	-0.0025918 	-2.90777   	0.0558485  
  3.352   	2.15017    	-0.0025805 	-2.9019    	0.0557886  
  3.3532  	2.15013    	-0.00256928	-2.89603   	0.0557287  
  3.3544  	2.15009    	-0.00255814	-2.89017   	0.0556689  
  3.3556  	2.15005    	-0.00254706	-2.88431   	0.0556092  
  3.3568  	2.15002    	-0.00253606	-2.87846   	0.0555496  
  3.358   	2.14998    	-0.00252513	-2.87262   	0.0554901  
  3.3592  	2.14994    	-0.00251426	-2.86678   	0.0554306  
  3.3604  	2.1499     	-0.00250347	-2.86095   	0.0553713  
  3.3616  	2.14986    	-0.00249274	-2.85512   	0.055312   
  3.3628  	2.14982    	-0.00248209	-2.8493    	0.0552528  
  3.364   	2.14978    	-0.0024715 	-2.84349   	0.0551937  
  3.3652  	2.14975    	-0.00246098	-2.83768   	0.0551347  
  3.3664  	2.14971    	-0.00245053	-2.83188   	0.0550757  
  3.3676  	2.14967    	-0.00244014	-2.82609   	0.0550169  
  3.3688  	2.14963    	-0.00242981	-2.8203    	0.0549581  
  3.37    	2.1496     	-0.00241956	-2.81452   	0.0548994  
  3.3712  	2.14956    	-0.00240936	-2.80874   	0.0548408  
  3.3724  	2.14952    	-0.00239923	-2.80297   	0.0547823  
  3.3736  	2.14948    	-0.00238917	-2.79721   	0.0547239  
  3.3748  	2.14945    	-0.00237916	-2.79145   	0.0546655  
  3.376   	2.14941    	-0.00236922	-2.7857    	0.0546072  
  3.3772  	2.14937    	-0.00235934	-2.77996   	0.054549   
  3.3784  	2.14934    	-0.00234953	-2.77422   	0.0544909  
  3.3796  	2.1493     	-0.00233977	-2.76849   	0.0544329  
  3.3808  	2.14927    	-0.00233007	-2.76276   	0.054375   
  3.382   	2.14923    	-0.00232044	-2.75704   	0.0543171  
  3.3832  	2.14919    	-0.00231086	-2.75133   	0.0542593  
  3.3844  	2.14916    	-0.00230134	-2.74562   	0.0542017  
  3.3856  	2.14912    	-0.00229188	-2.73992   	0.054144   
  3.3868  	2.14909    	-0.00228248	-2.73422   	0.0540865  
  3.388   	2.14905    	-0.00227313	-2.72853   	0.0540291  
  3.3892  	2.14902    	-0.00226384	-2.72285   	0.0539717  
  3.3904  	2.14898    	-0.00225461	-2.71717   	0.0539144  
  3.3916  	2.14895    	-0.00224544	-2.7115    	0.0538572  
  3.3928  	2.14891    	-0.00223632	-2.70583   	0.0538001  
  3.394   	2.14888    	-0.00222725	-2.70017   	0.053743   
  3.3952  	2.14884    	-0.00221824	-2.69452   	0.0536861  
  3.3964  	2.14881    	-0.00220928	-2.68887   	0.0536292  
  3.3976  	2.14877    	-0.00220038	-2.68323   	0.0535724  
  3.3988  	2.14874    	-0.00219153	-2.67759   	0.0535157  
  3.4     	2.14871    	-0.00218274	-2.67196   	0.053459   
