-0 0 5.95553e-13 0 5.95553e-13 0 666 inf
-0.0134907 0.1 7.35201e-13 0 7.35201e-13 0 666 1.11188
-0.0269813 0.2 9.30434e-13 0 9.30434e-13 0 666 0.55594
-0.040472 0.3 1.2152e-12 0 1.2152e-12 0 666 0.370627
-0.0539627 0.4 1.65396e-12 0 1.65396e-12 0 666 0.27797
-0.0674533 0.5 2.38162e-12 0 2.38162e-12 0 666 0.222376
-0.080944 0.6 3.7212e-12 0 3.7212e-12 0 666 0.185313
-0.0944347 0.7 6.61539e-12 0 6.61539e-12 0 666 0.15884
-0.107925 0.8 1.48846e-11 0 1.48846e-11 0 666 0.138985
-0.121416 0.9 5.95386e-11 0 5.95386e-11 0 666 0.123542
-0.134907 1 257168 0 2.43022e-06 0 666 0.111188
-0.148397 1.1 5.95409e-11 0.000446128 0.000446307 0.0224025 2.8122 0.10108
-0.161888 1.2 1.48857e-11 0.000817901 0.000818033 0.0321025 2.81219 0.0926567
-0.175379 1.3 6.61616e-12 0.00113248 0.00113259 0.0395107 2.81219 0.0855292
-0.188869 1.4 3.72178e-12 0.00140212 0.00140222 0.0457535 2.81219 0.07942
-0.20236 1.5 2.38209e-12 0.0016358 0.00163589 0.0512173 2.81218 0.0741253
-0.215851 1.6 1.65434e-12 0.00184028 0.00184036 0.056166 2.81218 0.0694925
-0.229341 1.7 1.21553e-12 0.0020207 0.00202078 0.0606933 2.81218 0.0654047
-0.242832 1.8 9.30725e-13 0.00218107 0.00218115 0.0649191 2.81217 0.0617711
-0.256323 1.9 7.3546e-13 0.00232456 0.00232464 0.0688914 2.81217 0.05852
-0.269813 2 5.95786e-13 0.0024537 0.00245378 0.0725976 2.81216 0.055594
-0.283304 2.1 4.92443e-13 0.00257054 0.00257062 0.0761643 2.81216 0.0529467
-0.296795 2.2 4.13841e-13 0.00267677 0.00267684 0.0795639 2.81215 0.05054
-0.310285 2.3 3.52669e-13 0.00277375 0.00277382 0.0827688 2.81215 0.0483426
-0.323776 2.4 3.04131e-13 0.00286265 0.00286272 0.085897 2.81214 0.0463283
-0.337267 2.5 2.64972e-13 0.00294444 0.00294451 0.0888851 2.81214 0.0444752
-0.350757 2.6 2.32924e-13 0.00301994 0.00302001 0.0918176 2.81213 0.0427646
-0.364248 2.7 2.06362e-13 0.00308985 0.00308991 0.0946325 2.81213 0.0411807
-0.377739 2.8 1.84103e-13 0.00315476 0.00315483 0.0973163 2.81212 0.03971
-0.391229 2.9 1.65265e-13 0.0032152 0.00321526 0.099966 2.81212 0.0383407
-0.40472 3 1.49182e-13 0.0032716 0.00327167 0.102576 2.81211 0.0370627
-0.418211 3.1 1.3534e-13 0.00332437 0.00332444 0.105083 2.81211 0.0358671
-0.431701 3.2 1.23343e-13 0.00337384 0.00337391 0.107477 2.8121 0.0347462
-0.445192 3.3 1.12876e-13 0.00342031 0.00342038 0.10987 2.81209 0.0336933
-0.458683 3.4 1.03691e-13 0.00346405 0.00346411 0.112197 2.81209 0.0327024
-0.472173 3.5 9.55846e-14 0.00350529 0.00350535 0.114516 2.81208 0.031768
-0.485664 3.6 8.83958e-14 0.00354424 0.0035443 0.116761 2.81207 0.0308856
-0.499155 3.7 8.19908e-14 0.00358108 0.00358114 0.118926 2.81207 0.0300508
-0.512645 3.8 7.62596e-14 0.00361598 0.00361604 0.121072 2.81206 0.02926
-0.526136 3.9 7.1111e-14 0.0036491 0.00364916 0.123195 2.81206 0.0285097
-0.539627 4 6.64686e-14 0.00368055 0.00368062 0.125293 2.81205 0.027797
-0.553117 4.1 6.22682e-14 0.00371048 0.00371054 0.127296 2.81204 0.027119
-0.566608 4.2 5.84552e-14 0.00373897 0.00373904 0.129337 2.81203 0.0264733
-0.580099 4.3 5.49837e-14 0.00376615 0.00376621 0.131276 2.81203 0.0258577
-0.593589 4.4 5.18138e-14 0.00379208 0.00379215 0.133249 2.81202 0.02527
-0.60708 4.5 4.89118e-14 0.00381687 0.00381693 0.134612 2.81201 0.0247084
-0.620571 4.6 4.62481e-14 0.00384058 0.00384064 0.133981 2.81201 0.0241713
-0.634061 4.7 4.37975e-14 0.00386328 0.00386334 0.133355 2.812 0.023657
-0.647552 4.8 4.15378e-14 0.00388503 0.00388509 0.132737 2.81199 0.0231642
-0.661043 4.9 3.94496e-14 0.00390589 0.00390595 0.132125 2.81199 0.0226914
-0.674533 5 3.75161e-14 0.00392592 0.00392598 0.13152 2.81198 0.0222376
-0.688024 5.1 3.57223e-14 0.00394517 0.00394523 0.130923 2.81197 0.0218016
-0.701515 5.2 3.40551e-14 0.00396367 0.00396373 0.130333 2.81196 0.0213823
-0.715005 5.3 3.25028e-14 0.00398148 0.00398154 0.129751 2.81196 0.0209789
-0.728496 5.4 3.10552e-14 0.00399863 0.00399868 0.129178 2.81195 0.0205904
-0.741987 5.5 2.97029e-14 0.00401515 0.00401521 0.128612 2.81194 0.020216
-0.755477 5.6 2.84379e-14 0.00403108 0.00403114 0.128055 2.81193 0.019855
-0.768968 5.7 2.72527e-14 0.00404646 0.00404652 0.127507 2.81193 0.0195067
-0.782459 5.8 2.61409e-14 0.0040613 0.00406136 0.126967 2.81192 0.0191703
-0.795949 5.9 2.50964e-14 0.00407564 0.0040757 0.126436 2.81191 0.0188454
-0.80944 6 2.41139e-14 0.0040895 0.00408956 0.125915 2.8119 0.0185313
-0.822931 6.1 2.31886e-14 0.00410291 0.00410297 0.125402 2.8119 0.0182275
-0.836421 6.2 2.23163e-14 0.00411589 0.00411595 0.124898 2.81189 0.0179335
-0.849912 6.3 2.14928e-14 0.00412845 0.00412851 0.124403 2.81188 0.0176489
-0.863403 6.4 2.07146e-14 0.00414062 0.00414068 0.123918 2.81187 0.0173731
-0.876893 6.5 1.99785e-14 0.00415242 0.00415248 0.123441 2.81186 0.0171058
-0.890384 6.6 1.92814e-14 0.00416386 0.00416392 0.122974 2.81186 0.0168467
-0.903875 6.7 1.86207e-14 0.00417496 0.00417501 0.122516 2.81185 0.0165952
-0.917365 6.8 1.79939e-14 0.00418573 0.00418578 0.122067 2.81184 0.0163512
-0.930856 6.9 1.73987e-14 0.00419619 0.00419624 0.121626 2.81183 0.0161142
-0.944347 7 1.6833e-14 0.00420635 0.0042064 0.121195 2.81182 0.015884
-0.957837 7.1 1.62948e-14 0.00421622 0.00421628 0.120772 2.81182 0.0156603
-0.971328 7.2 1.57825e-14 0.00422582 0.00422588 0.120358 2.81181 0.0154428
-0.984819 7.3 1.52944e-14 0.00423516 0.00423521 0.119952 2.8118 0.0152312
-0.998309 7.4 1.4829e-14 0.00424424 0.0042443 0.119555 2.81179 0.0150254
-1.0118 7.5 1.43849e-14 0.00425308 0.00425314 0.119166 2.81178 0.0148251
-1.02529 7.6 1.39608e-14 0.00426169 0.00426175 0.118785 2.81177 0.01463
-1.03878 7.7 1.35556e-14 0.00427008 0.00427014 0.118412 2.81177 0.01444
-1.05227 7.8 1.31681e-14 0.00427825 0.00427831 0.118047 2.81176 0.0142549
-1.06576 7.9 1.27974e-14 0.00428621 0.00428627 0.11769 2.81175 0.0140744
-1.07925 8 1.24424e-14 0.00429398 0.00429404 0.11734 2.81174 0.0138985
-1.09274 8.1 1.21023e-14 0.00430155 0.00430161 0.116997 2.81173 0.0137269
-1.10623 8.2 1.17762e-14 0.00430894 0.004309 0.116662 2.81172 0.0135595
-1.11973 8.3 1.14635e-14 0.00431615 0.00431621 0.116334 2.81172 0.0133961
-1.13322 8.4 1.11634e-14 0.00432319 0.00432325 0.116013 2.81171 0.0132367
-1.14671 8.5 1.08751e-14 0.00433006 0.00433012 0.115698 2.8117 0.0130809
-1.1602 8.6 1.05982e-14 0.00433678 0.00433683 0.11539 2.81169 0.0129288
-1.17369 8.7 1.0332e-14 0.00434333 0.00434339 0.115089 2.81168 0.0127802
-1.18718 8.8 1.0076e-14 0.00434974 0.0043498 0.114793 2.81167 0.012635
-1.20067 8.9 9.82961e-15 0.00435601 0.00435607 0.114504 2.81167 0.012493
-1.21416 9 9.59241e-15 0.00436214 0.00436219 0.114221 2.81166 0.0123542
-1.22765 9.1 9.36395e-15 0.00436813 0.00436819 0.113944 2.81165 0.0122185
-1.24114 9.2 9.14378e-15 0.00437399 0.00437405 0.113672 2.81164 0.0120857
-1.25463 9.3 8.93153e-15 0.00437973 0.00437978 0.113406 2.81163 0.0119557
-1.26812 9.4 8.72681e-15 0.00438534 0.0043854 0.113145 2.81162 0.0118285
-1.28161 9.5 8.52927e-15 0.00439084 0.00439089 0.112889 2.81161 0.011704
-1.2951 9.6 8.33858e-15 0.00439622 0.00439627 0.112639 2.8116 0.0115821
-1.30859 9.7 8.15442e-15 0.00440149 0.00440154 0.112393 2.8116 0.0114627
-1.32209 9.8 7.97651e-15 0.00440665 0.0044067 0.112152 2.81159 0.0113457
-1.33558 9.9 7.80456e-15 0.00441171 0.00441176 0.111916 2.81158 0.0112311
-1.34907 10 7.6383e-15 0.00441666 0.00441672 0.111685 2.81157 0.0111188
-1.36256 10.1 7.4775e-15 0.00442152 0.00442158 0.111458 2.81156 0.0110087
-1.37605 10.2 7.32191e-15 0.00442629 0.00442634 0.111235 2.81155 0.0109008
-1.38954 10.3 7.1713e-15 0.00443096 0.00443101 0.111017 2.81154 0.010795
-1.40303 10.4 7.02548e-15 0.00443554 0.00443559 0.110803 2.81153 0.0106912
-1.41652 10.5 6.88424e-15 0.00444003 0.00444009 0.110593 2.81153 0.0105893
-1.43001 10.6 6.74739e-15 0.00444444 0.0044445 0.110386 2.81152 0.0104894
-1.4435 10.7 6.61474e-15 0.00444877 0.00444882 0.110184 2.81151 0.0103914
-1.45699 10.8 6.48614e-15 0.00445301 0.00445307 0.109985 2.8115 0.0102952
-1.47048 10.9 6.36141e-15 0.00445718 0.00445724 0.10979 2.81149 0.0102007
-1.48397 11 6.2404e-15 0.00446128 0.00446133 0.109598 2.81148 0.010108
-1.49746 11.1 6.12297e-15 0.0044653 0.00446535 0.10941 2.81147 0.0100169
-1.51095 11.2 6.00898e-15 0.00446924 0.0044693 0.109225 2.81146 0.0099275
-1.52445 11.3 5.89828e-15 0.00447312 0.00447318 0.109043 2.81145 0.00983965
-1.53794 11.4 5.79077e-15 0.00447693 0.00447699 0.108864 2.81144 0.00975333
-1.55143 11.5 5.68631e-15 0.00448067 0.00448073 0.108689 2.81143 0.00966852
-1.56492 11.6 5.58479e-15 0.00448435 0.00448441 0.108516 2.81143 0.00958517
-1.57841 11.7 5.4861e-15 0.00448797 0.00448802 0.108347 2.81142 0.00950325
-1.5919 11.8 5.39014e-15 0.00449152 0.00449158 0.10818 2.81141 0.00942271
-1.60539 11.9 5.29681e-15 0.00449502 0.00449507 0.108016 2.8114 0.00934353
-1.61888 12 5.20601e-15 0.00449845 0.00449851 0.107855 2.81139 0.00926567
-1.63237 12.1 5.11766e-15 0.00450183 0.00450189 0.107697 2.81138 0.00918909
-1.64586 12.2 5.03166e-15 0.00450516 0.00450521 0.107541 2.81137 0.00911377
-1.65935 12.3 4.94793e-15 0.00450843 0.00450848 0.107387 2.81136 0.00903967
-1.67284 12.4 4.86639e-15 0.00451165 0.0045117 0.107236 2.81135 0.00896677
-1.68633 12.5 4.78698e-15 0.00451481 0.00451487 0.107088 2.81134 0.00889504
-1.69982 12.6 4.7096e-15 0.00451793 0.00451798 0.106941 2.81133 0.00882444
-1.71331 12.7 4.6342e-15 0.00452099 0.00452105 0.106798 2.81132 0.00875496
-1.72681 12.8 4.56071e-15 0.00452401 0.00452407 0.106656 2.81132 0.00868656
-1.7403 12.9 4.48906e-15 0.00452699 0.00452704 0.106516 2.81131 0.00861922
-1.75379 13 4.4192e-15 0.00452991 0.00452997 0.106379 2.8113 0.00855292
-1.76728 13.1 4.35106e-15 0.00453279 0.00453285 0.106243 2.81129 0.00848763
-1.78077 13.2 4.28459e-15 0.00453563 0.00453569 0.10611 2.81128 0.00842333
-1.79426 13.3 4.21973e-15 0.00453843 0.00453848 0.105979 2.81127 0.00836
-1.80775 13.4 4.15643e-15 0.00454118 0.00454123 0.105849 2.81126 0.00829761
-1.82124 13.5 4.09465e-15 0.00454389 0.00454395 0.105722 2.81125 0.00823615
-1.83473 13.6 4.03433e-15 0.00454657 0.00454662 0.105596 2.81124 0.00817559
-1.84822 13.7 3.97543e-15 0.0045492 0.00454925 0.105472 2.81123 0.00811591
-1.86171 13.8 3.91791e-15 0.00455179 0.00455185 0.10535 2.81122 0.0080571
-1.8752 13.9 3.86171e-15 0.00455435 0.00455441 0.10523 2.81121 0.00799914
-1.88869 14 3.80681e-15 0.00455688 0.00455693 0.105111 2.8112 0.007942
-1.90218 14.1 3.75316e-15 0.00455936 0.00455942 0.104994 2.81119 0.00788567
-1.91567 14.2 3.70073e-15 0.00456181 0.00456187 0.104878 2.81118 0.00783014
-1.92917 14.3 3.64947e-15 0.00456423 0.00456428 0.104764 2.81117 0.00777538
-1.94266 14.4 3.59935e-15 0.00456661 0.00456667 0.104652 2.81116 0.00772139
-1.95615 14.5 3.55035e-15 0.00456896 0.00456902 0.104541 2.81116 0.00766814
-1.96964 14.6 3.50242e-15 0.00457128 0.00457134 0.104432 2.81115 0.00761562
-1.98313 14.7 3.45553e-15 0.00457357 0.00457362 0.104324 2.81114 0.00756381
-1.99662 14.8 3.40966e-15 0.00457582 0.00457588 0.104217 2.81113 0.0075127
-2.01011 14.9 3.36478e-15 0.00457805 0.0045781 0.104112 2.81112 0.00746228
-2.0236 15 3.32085e-15 0.00458024 0.0045803 0.104009 2.81111 0.00741253
-2.03709 15.1 3.27786e-15 0.00458241 0.00458247 0.103906 2.8111 0.00736344
-2.05058 15.2 3.23577e-15 0.00458455 0.0045846 0.103805 2.81109 0.007315
-2.06407 15.3 3.19456e-15 0.00458666 0.00458671 0.103705 2.81108 0.00726719
-2.07756 15.4 3.1542e-15 0.00458874 0.0045888 0.103607 2.81107 0.00722
-2.09105 15.5 3.11468e-15 0.0045908 0.00459085 0.103509 2.81106 0.00717342
-2.10454 15.6 3.07597e-15 0.00459283 0.00459288 0.103413 2.81105 0.00712744
-2.11803 15.7 3.03804e-15 0.00459483 0.00459489 0.103318 2.81104 0.00708204
-2.13153 15.8 3.00088e-15 0.00459681 0.00459686 0.103224 2.81103 0.00703721
-2.14502 15.9 2.96446e-15 0.00459876 0.00459882 0.103131 2.81102 0.00699296
-2.15851 16 2.92877e-15 0.00460069 0.00460075 0.10304 2.81101 0.00694925
-2.172 16.1 2.89379e-15 0.0046026 0.00460265 0.102949 2.811 0.00690609
-2.18549 16.2 2.85949e-15 0.00460448 0.00460453 0.10286 2.81099 0.00686346
-2.19898 16.3 2.82586e-15 0.00460634 0.00460639 0.102771 2.81098 0.00682135
-2.21247 16.4 2.79289e-15 0.00460817 0.00460823 0.102684 2.81097 0.00677976
-2.22596 16.5 2.76055e-15 0.00460999 0.00461004 0.102598 2.81096 0.00673867
-2.23945 16.6 2.72883e-15 0.00461178 0.00461183 0.102512 2.81095 0.00669807
-2.25294 16.7 2.69772e-15 0.00461355 0.0046136 0.102428 2.81094 0.00665796
-2.26643 16.8 2.66719e-15 0.0046153 0.00461535 0.102344 2.81093 0.00661833
-2.27992 16.9 2.63724e-15 0.00461703 0.00461708 0.102262 2.81092 0.00657917
-2.29341 17 2.60785e-15 0.00461873 0.00461879 0.10218 2.81091 0.00654047
-2.3069 17.1 2.579e-15 0.00462042 0.00462048 0.1021 2.8109 0.00650222
-2.32039 17.2 2.55068e-15 0.00462209 0.00462214 0.10202 2.81089 0.00646442
-2.33389 17.3 2.52289e-15 0.00462374 0.00462379 0.101941 2.81088 0.00642705
-2.34738 17.4 2.4956e-15 0.00462537 0.00462542 0.101863 2.81087 0.00639011
-2.36087 17.5 2.46881e-15 0.00462698 0.00462704 0.101785 2.81086 0.0063536
-2.37436 17.6 2.44249e-15 0.00462857 0.00462863 0.101709 2.81085 0.0063175
-2.38785 17.7 2.41665e-15 0.00463015 0.0046302 0.101633 2.81084 0.00628181
-2.40134 17.8 2.39127e-15 0.00463171 0.00463176 0.101558 2.81083 0.00624652
-2.41483 17.9 2.36634e-15 0.00463325 0.0046333 0.101484 2.81082 0.00621162
-2.42832 18 2.34185e-15 0.00463477 0.00463482 0.101411 2.81081 0.00617711
-2.44181 18.1 2.31778e-15 0.00463628 0.00463633 0.101338 2.8108 0.00614298
-2.4553 18.2 2.29413e-15 0.00463777 0.00463782 0.101267 2.81079 0.00610923
-2.46879 18.3 2.2709e-15 0.00463924 0.00463929 0.101196 2.81078 0.00607585
-2.48228 18.4 2.24806e-15 0.0046407 0.00464075 0.101125 2.81077 0.00604283
-2.49577 18.5 2.22561e-15 0.00464214 0.00464219 0.101056 2.81076 0.00601016
-2.50926 18.6 2.20354e-15 0.00464357 0.00464362 0.100987 2.81075 0.00597785
-2.52275 18.7 2.18184e-15 0.00464498 0.00464503 0.100918 2.81074 0.00594588
-2.53624 18.8 2.16051e-15 0.00464637 0.00464643 0.100851 2.81073 0.00591426
-2.54974 18.9 2.13954e-15 0.00464775 0.00464781 0.100784 2.81072 0.00588296
-2.56323 19 2.11891e-15 0.00464912 0.00464917 0.100717 2.81071 0.005852
-2.57672 19.1 2.09863e-15 0.00465047 0.00465053 0.100652 2.8107 0.00582136
-2.59021 19.2 2.07868e-15 0.00465181 0.00465186 0.100587 2.81069 0.00579104
-2.6037 19.3 2.05905e-15 0.00465313 0.00465319 0.100522 2.81068 0.00576104
-2.61719 19.4 2.03974e-15 0.00465445 0.0046545 0.100458 2.81067 0.00573134
-2.63068 19.5 2.02075e-15 0.00465574 0.0046558 0.100395 2.81066 0.00570195
-2.64417 19.6 2.00206e-15 0.00465703 0.00465708 0.100333 2.81065 0.00567286
-2.65766 19.7 1.98367e-15 0.0046583 0.00465835 0.100271 2.81064 0.00564406
-2.67115 19.8 1.96557e-15 0.00465956 0.00465961 0.100209 2.81063 0.00561556
-2.68464 19.9 1.94776e-15 0.0046608 0.00466085 0.100148 2.81062 0.00558734
-2.69813 20 1.93023e-15 0.00466203 0.00466209 0.100088 2.81061 0.0055594
-2.71162 20.1 1.91297e-15 0.00466325 0.00466331 0.100028 2.8106 0.00553174
-2.72511 20.2 1.89598e-15 0.00466446 0.00466452 0.0999687 2.81059 0.00550436
-2.7386 20.3 1.87926e-15 0.00466566 0.00466571 0.0999099 2.81058 0.00547724
-2.7521 20.4 1.86279e-15 0.00466684 0.0046669 0.0998517 2.81057 0.00545039
-2.76559 20.5 1.84658e-15 0.00466802 0.00466807 0.099794 2.81056 0.0054238
-2.77908 20.6 1.83061e-15 0.00466918 0.00466923 0.0997367 2.81055 0.00539748
-2.79257 20.7 1.81488e-15 0.00467033 0.00467039 0.09968 2.81054 0.0053714
-2.80606 20.8 1.7994e-15 0.00467147 0.00467152 0.0996238 2.81053 0.00534558
-2.81955 20.9 1.78414e-15 0.0046726 0.00467265 0.099568 2.81052 0.00532
-2.83304 21 1.76912e-15 0.00467372 0.00467377 0.0995128 2.81051 0.00529467
-2.84653 21.1 1.75431e-15 0.00467483 0.00467488 0.099458 2.8105 0.00526957
-2.86002 21.2 1.73973e-15 0.00467592 0.00467598 0.0994036 2.81049 0.00524472
-2.87351 21.3 1.72536e-15 0.00467701 0.00467706 0.0993498 2.81048 0.00522009
-2.887 21.4 1.7112e-15 0.00467809 0.00467814 0.0992963 2.81047 0.0051957
-2.90049 21.5 1.69725e-15 0.00467915 0.00467921 0.0992433 2.81046 0.00517153
-2.91398 21.6 1.6835e-15 0.00468021 0.00468026 0.0991908 2.81045 0.00514759
-2.92747 21.7 1.66995e-15 0.00468126 0.00468131 0.0991387 2.81044 0.00512387
-2.94096 21.8 1.65659e-15 0.00468229 0.00468235 0.099087 2.81043 0.00510037
-2.95446 21.9 1.64343e-15 0.00468332 0.00468338 0.0990357 2.81042 0.00507708
-2.96795 22 1.63045e-15 0.00468434 0.00468439 0.0989848 2.81041 0.005054
-2.98144 22.1 1.61766e-15 0.00468535 0.0046854 0.0989344 2.8104 0.00503113
-2.99493 22.2 1.60505e-15 0.00468635 0.0046864 0.0988843 2.81039 0.00500847
-3.00842 22.3 1.59261e-15 0.00468734 0.00468739 0.0988347 2.81038 0.00498601
-3.02191 22.4 1.58035e-15 0.00468832 0.00468838 0.0987854 2.81037 0.00496375
-3.0354 22.5 1.56826e-15 0.0046893 0.00468935 0.0987365 2.81036 0.00494169
-3.04889 22.6 1.55633e-15 0.00469026 0.00469032 0.098688 2.81035 0.00491982
-3.06238 22.7 1.54458e-15 0.00469122 0.00469127 0.0986399 2.81034 0.00489815
-3.07587 22.8 1.53298e-15 0.00469217 0.00469222 0.0985922 2.81033 0.00487667
-3.08936 22.9 1.52154e-15 0.00469311 0.00469316 0.0985448 2.81032 0.00485537
-3.10285 23 1.51025e-15 0.00469404 0.00469409 0.0984978 2.81031 0.00483426
-3.11634 23.1 1.49912e-15 0.00469496 0.00469502 0.0984511 2.8103 0.00481333
-3.12983 23.2 1.48814e-15 0.00469588 0.00469593 0.0984048 2.81029 0.00479259
-3.14332 23.3 1.47731e-15 0.00469679 0.00469684 0.0983588 2.81028 0.00477202
-3.15682 23.4 1.46662e-15 0.00469769 0.00469774 0.0983132 2.81026 0.00475162
-3.17031 23.5 1.45607e-15 0.00469858 0.00469863 0.0982679 2.81025 0.0047314
-3.1838 23.6 1.44566e-15 0.00469946 0.00469952 0.098223 2.81024 0.00471136
-3.19729 23.7 1.43539e-15 0.00470034 0.00470039 0.0981784 2.81023 0.00469148
-3.21078 23.8 1.42526e-15 0.00470121 0.00470126 0.0981341 2.81022 0.00467176
-3.22427 23.9 1.41525e-15 0.00470207 0.00470213 0.0980901 2.81021 0.00465222
-3.23776 24 1.40538e-15 0.00470293 0.00470298 0.0980464 2.8102 0.00463283
-3.25125 24.1 1.39563e-15 0.00470378 0.00470383 0.0980031 2.81019 0.00461361
-3.26474 24.2 1.38601e-15 0.00470462 0.00470467 0.0979601 2.81018 0.00459455
-3.27823 24.3 1.37652e-15 0.00470545 0.00470551 0.0979174 2.81017 0.00457564
-3.29172 24.4 1.36714e-15 0.00470628 0.00470633 0.0978749 2.81016 0.00455689
-3.30521 24.5 1.35789e-15 0.0047071 0.00470716 0.0978328 2.81015 0.00453829
-3.3187 24.6 1.34875e-15 0.00470792 0.00470797 0.097791 2.81014 0.00451984
-3.33219 24.7 1.33973e-15 0.00470872 0.00470878 0.0977495 2.81013 0.00450154
-3.34568 24.8 1.33082e-15 0.00470952 0.00470958 0.0977082 2.81012 0.00448339
-3.35918 24.9 1.32202e-15 0.00471032 0.00471037 0.0976672 2.81011 0.00446538
-3.37267 25 1.31333e-15 0.00471111 0.00471116 0.0976266 2.8101 0.00444752
-3.38616 25.1 1.30475e-15 0.00471189 0.00471194 0.0975862 2.81009 0.0044298
-3.39965 25.2 1.29627e-15 0.00471267 0.00471272 0.097546 2.81008 0.00441222
-3.41314 25.3 1.2879e-15 0.00471344 0.00471349 0.0975062 2.81007 0.00439478
-3.42663 25.4 1.27964e-15 0.0047142 0.00471425 0.0974666 2.81006 0.00437748
-3.44012 25.5 1.27147e-15 0.00471496 0.00471501 0.0974273 2.81004 0.00436031
-3.45361 25.6 1.2634e-15 0.00471571 0.00471576 0.0973882 2.81003 0.00434328
-3.4671 25.7 1.25543e-15 0.00471645 0.00471651 0.0973494 2.81002 0.00432638
-3.48059 25.8 1.24756e-15 0.00471719 0.00471725 0.0973109 2.81001 0.00430961
-3.49408 25.9 1.23978e-15 0.00471793 0.00471798 0.0972726 2.81 0.00429297
-3.50757 26 1.2321e-15 0.00471866 0.00471871 0.0972345 2.80999 0.00427646
-3.52106 26.1 1.2245e-15 0.00471938 0.00471943 0.0971968 2.80998 0.00426008
-3.53455 26.2 1.217e-15 0.0047201 0.00472015 0.0971592 2.80997 0.00424382
-3.54804 26.3 1.20958e-15 0.00472081 0.00472086 0.0971219 2.80996 0.00422768
-3.56154 26.4 1.20225e-15 0.00472152 0.00472157 0.0970848 2.80995 0.00421167
-3.57503 26.5 1.19501e-15 0.00472222 0.00472227 0.097048 2.80994 0.00419577
-3.58852 26.6 1.18785e-15 0.00472292 0.00472297 0.0970114 2.80993 0.00418
-3.60201 26.7 1.18078e-15 0.00472361 0.00472366 0.096975 2.80992 0.00416434
-3.6155 26.8 1.17379e-15 0.00472429 0.00472435 0.0969389 2.80991 0.00414881
-3.62899 26.9 1.16688e-15 0.00472497 0.00472503 0.096903 2.8099 0.00413338
-3.64248 27 1.16005e-15 0.00472565 0.0047257 0.0968673 2.80989 0.00411807
-3.65597 27.1 1.15329e-15 0.00472632 0.00472637 0.0968319 2.80987 0.00410288
-3.66946 27.2 1.14662e-15 0.00472698 0.00472704 0.0967966 2.80986 0.00408779
-3.68295 27.3 1.14002e-15 0.00472765 0.0047277 0.0967616 2.80985 0.00407282
-3.69644 27.4 1.13349e-15 0.0047283 0.00472835 0.0967268 2.80984 0.00405796
-3.70993 27.5 1.12704e-15 0.00472895 0.00472901 0.0966922 2.80983 0.0040432
-3.72342 27.6 1.12066e-15 0.0047296 0.00472965 0.0966578 2.80982 0.00402855
-3.73691 27.7 1.11435e-15 0.00473024 0.00473029 0.0966236 2.80981 0.00401401
-3.7504 27.8 1.10811e-15 0.00473088 0.00473093 0.0965896 2.8098 0.00399957
-3.7639 27.9 1.10195e-15 0.00473151 0.00473156 0.0965558 2.80979 0.00398523
-3.77739 28 1.09585e-15 0.00473214 0.00473219 0.0965223 2.80978 0.003971
-3.79088 28.1 1.08981e-15 0.00473276 0.00473282 0.0964889 2.80977 0.00395687
-3.80437 28.2 1.08385e-15 0.00473338 0.00473344 0.0964557 2.80976 0.00394284
-3.81786 28.3 1.07795e-15 0.004734 0.00473405 0.0964227 2.80975 0.0039289
-3.83135 28.4 1.07211e-15 0.00473461 0.00473466 0.0963899 2.80973 0.00391507
-3.84484 28.5 1.06634e-15 0.00473521 0.00473527 0.0963573 2.80972 0.00390133
-3.85833 28.6 1.06063e-15 0.00473582 0.00473587 0.0963249 2.80971 0.00388769
-3.87182 28.7 1.05498e-15 0.00473641 0.00473647 0.0962927 2.8097 0.00387415
-3.88531 28.8 1.04939e-15 0.00473701 0.00473706 0.0962607 2.80969 0.00386069
-3.8988 28.9 1.04386e-15 0.0047376 0.00473765 0.0962288 2.80968 0.00384734
-3.91229 29 1.0384e-15 0.00473818 0.00473824 0.0961972 2.80967 0.00383407
-3.92578 29.1 1.03299e-15 0.00473876 0.00473882 0.0961657 2.80966 0.00382089
-3.93927 29.2 1.02763e-15 0.00473934 0.0047394 0.0961344 2.80965 0.00380781
-3.95276 29.3 1.02234e-15 0.00473992 0.00473997 0.0961032 2.80964 0.00379481
-3.96626 29.4 1.0171e-15 0.00474049 0.00474054 0.0960723 2.80963 0.0037819
-3.97975 29.5 1.01191e-15 0.00474105 0.0047411 0.0960415 2.80962 0.00376908
-3.99324 29.6 1.00678e-15 0.00474161 0.00474167 0.0960108 2.8096 0.00375635
-4.00673 29.7 1.0017e-15 0.00474217 0.00474222 0.0959804 2.80959 0.0037437
-4.02022 29.8 9.96676e-16 0.00474273 0.00474278 0.0959501 2.80958 0.00373114
-4.03371 29.9 9.91703e-16 0.00474328 0.00474333 0.09592 2.80957 0.00371866
-4.0472 30 9.86781e-16 0.00474382 0.00474388 0.09589 2.80956 0.00370627
-4.06069 30.1 9.8191e-16 0.00474437 0.00474442 0.0958603 2.80955 0.00369395
-4.07418 30.2 9.77089e-16 0.00474491 0.00474496 0.0958306 2.80954 0.00368172
-4.08767 30.3 9.72317e-16 0.00474544 0.0047455 0.0958012 2.80953 0.00366957
-4.10116 30.4 9.67593e-16 0.00474598 0.00474603 0.0957719 2.80952 0.0036575
-4.11465 30.5 9.62918e-16 0.00474651 0.00474656 0.0957427 2.80951 0.00364551
-4.12814 30.6 9.58289e-16 0.00474703 0.00474708 0.0957137 2.8095 0.00363359
-4.14163 30.7 9.53708e-16 0.00474755 0.00474761 0.0956849 2.80948 0.00362176
-4.15512 30.8 9.49172e-16 0.00474807 0.00474813 0.0956562 2.80947 0.00361
-4.16862 30.9 9.44682e-16 0.00474859 0.00474864 0.0956276 2.80946 0.00359832
-4.18211 31 9.40236e-16 0.0047491 0.00474915 0.0955992 2.80945 0.00358671
-4.1956 31.1 9.35835e-16 0.00474961 0.00474966 0.095571 2.80944 0.00357518
-4.20909 31.2 9.31477e-16 0.00475012 0.00475017 0.0955429 2.80943 0.00356372
-4.22258 31.3 9.27163e-16 0.00475062 0.00475067 0.095515 2.80942 0.00355233
-4.23607 31.4 9.22891e-16 0.00475112 0.00475117 0.0954872 2.80941 0.00354102
-4.24956 31.5 9.1866e-16 0.00475161 0.00475167 0.0954595 2.8094 0.00352978
-4.26305 31.6 9.14471e-16 0.00475211 0.00475216 0.095432 2.80939 0.00351861
-4.27654 31.7 9.10323e-16 0.0047526 0.00475265 0.0954046 2.80938 0.00350751
-4.29003 31.8 9.06216e-16 0.00475308 0.00475314 0.0953774 2.80936 0.00349648
-4.30352 31.9 9.02148e-16 0.00475357 0.00475362 0.0953503 2.80935 0.00348552
-4.31701 32 8.98119e-16 0.00475405 0.0047541 0.0953233 2.80934 0.00347462
-4.3305 32.1 8.94129e-16 0.00475453 0.00475458 0.0952965 2.80933 0.0034638
-4.34399 32.2 8.90177e-16 0.004755 0.00475505 0.0952698 2.80932 0.00345304
-4.35748 32.3 8.86263e-16 0.00475547 0.00475552 0.0952432 2.80931 0.00344235
-4.37098 32.4 8.82387e-16 0.00475594 0.00475599 0.0952168 2.8093 0.00343173
-4.38447 32.5 8.78547e-16 0.00475641 0.00475646 0.0951905 2.80929 0.00342117
-4.39796 32.6 8.74743e-16 0.00475687 0.00475692 0.0951643 2.80928 0.00341067
-4.41145 32.7 8.70976e-16 0.00475733 0.00475738 0.0951383 2.80926 0.00340024
-4.42494 32.8 8.67244e-16 0.00475779 0.00475784 0.0951123 2.80925 0.00338988
-4.43843 32.9 8.63547e-16 0.00475824 0.0047583 0.0950865 2.80924 0.00337957
-4.45192 33 8.59884e-16 0.00475869 0.00475875 0.0950609 2.80923 0.00336933
-4.46541 33.1 8.56256e-16 0.00475914 0.0047592 0.0950353 2.80922 0.00335915
-4.4789 33.2 8.52661e-16 0.00475959 0.00475964 0.0950099 2.80921 0.00334904
-4.49239 33.3 8.491e-16 0.00476003 0.00476009 0.0949846 2.8092 0.00333898
-4.50588 33.4 8.45571e-16 0.00476048 0.00476053 0.0949595 2.80919 0.00332898
-4.51937 33.5 8.42075e-16 0.00476091 0.00476097 0.0949344 2.80918 0.00331904
-4.53286 33.6 8.38611e-16 0.00476135 0.0047614 0.0949095 2.80916 0.00330917
-4.54635 33.7 8.35179e-16 0.00476178 0.00476184 0.0948846 2.80915 0.00329935
-4.55984 33.8 8.31778e-16 0.00476221 0.00476227 0.0948599 2.80914 0.00328959
-4.57334 33.9 8.28408e-16 0.00476264 0.0047627 0.0948354 2.80913 0.00327988
-4.58683 34 8.25069e-16 0.00476307 0.00476312 0.0948109 2.80912 0.00327024
-4.60032 34.1 8.2176e-16 0.00476349 0.00476354 0.0947865 2.80911 0.00326065
-4.61381 34.2 8.1848e-16 0.00476391 0.00476397 0.0947623 2.8091 0.00325111
-4.6273 34.3 8.1523e-16 0.00476433 0.00476438 0.0947381 2.80909 0.00324163
-4.64079 34.4 8.1201e-16 0.00476475 0.0047648 0.0947141 2.80908 0.00323221
-4.65428 34.5 8.08817e-16 0.00476516 0.00476521 0.0946902 2.80906 0.00322284
-4.66777 34.6 8.05654e-16 0.00476557 0.00476562 0.0946664 2.80905 0.00321353
-4.68126 34.7 8.02518e-16 0.00476598 0.00476603 0.0946427 2.80904 0.00320427
-4.69475 34.8 7.99411e-16 0.00476639 0.00476644 0.0946191 2.80903 0.00319506
-4.70824 34.9 7.9633e-16 0.00476679 0.00476684 0.0945956 2.80902 0.0031859
-4.72173 35 7.93277e-16 0.00476719 0.00476724 0.0945723 2.80901 0.0031768
-4.73522 35.1 7.90251e-16 0.00476759 0.00476764 0.094549 2.809 0.00316775
-4.74871 35.2 7.87251e-16 0.00476799 0.00476804 0.0945258 2.80899 0.00315875
-4.7622 35.3 7.84277e-16 0.00476838 0.00476844 0.0945028 2.80897 0.0031498
-4.7757 35.4 7.81329e-16 0.00476878 0.00476883 0.0944798 2.80896 0.0031409
-4.78919 35.5 7.78407e-16 0.00476917 0.00476922 0.094457 2.80895 0.00313206
-4.80268 35.6 7.7551e-16 0.00476956 0.00476961 0.0944342 2.80894 0.00312326
-4.81617 35.7 7.72638e-16 0.00476994 0.00476999 0.0944115 2.80893 0.00311451
-4.82966 35.8 7.6979e-16 0.00477033 0.00477038 0.094389 2.80892 0.00310581
-4.84315 35.9 7.66967e-16 0.00477071 0.00477076 0.0943665 2.80891 0.00309716
-4.85664 36 7.64168e-16 0.00477109 0.00477114 0.0943442 2.8089 0.00308856
-4.87013 36.1 7.61393e-16 0.00477146 0.00477152 0.0943219 2.80888 0.00308
-4.88362 36.2 7.58642e-16 0.00477184 0.00477189 0.0942997 2.80887 0.00307149
-4.89711 36.3 7.55914e-16 0.00477221 0.00477227 0.0942777 2.80886 0.00306303
-4.9106 36.4 7.53209e-16 0.00477259 0.00477264 0.0942557 2.80885 0.00305462
-4.92409 36.5 7.50527e-16 0.00477295 0.00477301 0.0942338 2.80884 0.00304625
-4.93758 36.6 7.47867e-16 0.00477332 0.00477337 0.094212 2.80883 0.00303792
-4.95107 36.7 7.4523e-16 0.00477369 0.00477374 0.0941903 2.80882 0.00302965
-4.96456 36.8 7.42614e-16 0.00477405 0.0047741 0.0941687 2.80881 0.00302141
-4.97806 36.9 7.40021e-16 0.00477441 0.00477446 0.0941472 2.80879 0.00301322
-4.99155 37 7.37449e-16 0.00477477 0.00477482 0.0941257 2.80878 0.00300508
-5.00504 37.1 7.34898e-16 0.00477513 0.00477518 0.0941044 2.80877 0.00299698
-5.01853 37.2 7.32369e-16 0.00477548 0.00477554 0.0940832 2.80876 0.00298892
-5.03202 37.3 7.2986e-16 0.00477584 0.00477589 0.094062 2.80875 0.00298091
-5.04551 37.4 7.27372e-16 0.00477619 0.00477624 0.0940409 2.80874 0.00297294
-5.059 37.5 7.24904e-16 0.00477654 0.00477659 0.0940199 2.80873 0.00296501
-5.07249 37.6 7.22457e-16 0.00477689 0.00477694 0.093999 2.80871 0.00295713
-5.08598 37.7 7.20029e-16 0.00477723 0.00477729 0.0939782 2.8087 0.00294928
-5.09947 37.8 7.17621e-16 0.00477758 0.00477763 0.0939575 2.80869 0.00294148
-5.11296 37.9 7.15233e-16 0.00477792 0.00477797 0.0939369 2.80868 0.00293372
-5.12645 38 7.12864e-16 0.00477826 0.00477831 0.0939163 2.80867 0.002926
-5.13994 38.1 7.10514e-16 0.0047786 0.00477865 0.0938958 2.80866 0.00291832
-5.15343 38.2 7.08183e-16 0.00477894 0.00477899 0.0938754 2.80865 0.00291068
-5.16692 38.3 7.05871e-16 0.00477927 0.00477933 0.0938551 2.80863 0.00290308
-5.18042 38.4 7.03577e-16 0.00477961 0.00477966 0.0938349 2.80862 0.00289552
-5.19391 38.5 7.01302e-16 0.00477994 0.00477999 0.0938148 2.80861 0.002888
-5.2074 38.6 6.99044e-16 0.00478027 0.00478032 0.0937947 2.8086 0.00288052
-5.22089 38.7 6.96805e-16 0.0047806 0.00478065 0.0937747 2.80859 0.00287307
-5.23438 38.8 6.94583e-16 0.00478092 0.00478098 0.0937548 2.80858 0.00286567
-5.24787 38.9 6.92379e-16 0.00478125 0.0047813 0.093735 2.80857 0.0028583
-5.26136 39 6.90192e-16 0.00478157 0.00478163 0.0937152 2.80855 0.00285097
-5.27485 39.1 6.88023e-16 0.00478189 0.00478195 0.0936955 2.80854 0.00284368
-5.28834 39.2 6.8587e-16 0.00478222 0.00478227 0.0936759 2.80853 0.00283643
-5.30183 39.3 6.83734e-16 0.00478253 0.00478259 0.0936564 2.80852 0.00282921
-5.31532 39.4 6.81615e-16 0.00478285 0.0047829 0.093637 2.80851 0.00282203
-5.32881 39.5 6.79512e-16 0.00478317 0.00478322 0.0936176 2.8085 0.00281489
-5.3423 39.6 6.77426e-16 0.00478348 0.00478353 0.0935983 2.80849 0.00280778
-5.35579 39.7 6.75356e-16 0.00478379 0.00478384 0.0935791 2.80847 0.00280071
-5.36928 39.8 6.73301e-16 0.0047841 0.00478415 0.0935599 2.80846 0.00279367
-5.38278 39.9 6.71263e-16 0.00478441 0.00478446 0.0935409 2.80845 0.00278667
-5.39627 40 6.6924e-16 0.00478472 0.00478477 0.0935219 2.80844 0.0027797
