  0       	0.399545     	-1.12567e-14 
  0.01    	0.490143     	2.3308       
  0.02    	0.73863      	4.58572      
  0.03    	1.13506      	6.75614      
  0.04    	1.66919      	8.8344       
  0.05    	2.33056      	10.8138      
  0.06    	3.10855      	12.6884      
  0.07    	3.99246      	14.4535      
  0.08    	4.97158      	16.1049      
  0.09    	6.03522      	17.6395      
  0.1     	7.17282      	19.0549      
  0.11    	8.37396      	20.3497      
  0.12    	9.62843      	21.523       
  0.13    	10.9263      	22.5749      
  0.14    	12.2578      	23.5059      
  0.15    	13.6137      	24.3173      
  0.16    	14.985       	25.0111      
  0.17    	16.3631      	25.5897      
  0.18    	17.7399      	26.056       
  0.19    	19.1077      	26.4135      
  0.2     	20.4593      	26.6661      
  0.21    	21.7878      	26.818       
  0.22    	23.0872      	26.8738      
  0.23    	24.3516      	26.8385      
  0.24    	25.5758      	26.7171      
  0.25    	26.755       	26.5149      
  0.26    	27.8851      	26.2376      
  0.27    	28.9623      	25.8907      
  0.28    	29.9834      	25.4799      
  0.29    	30.9457      	25.011       
  0.3     	31.8469      	24.4899      
  0.31    	32.6853      	23.9222      
  0.32    	33.4595      	23.3137      
  0.33    	34.1687      	22.67        
  0.34    	34.8124      	21.9967      
  0.35    	35.3904      	21.2992      
  0.36    	35.9031      	20.5827      
  0.37    	36.3511      	19.8523      
  0.38    	36.7354      	19.1128      
  0.39    	37.0572      	18.369       
  0.4     	37.3182      	17.6252      
  0.41    	37.5202      	16.8856      
  0.42    	37.6651      	16.1542      
  0.43    	37.7553      	15.4347      
  0.44    	37.7933      	14.7305      
  0.45    	37.7816      	14.0447      
  0.46    	37.723       	13.3802      
  0.47    	37.6203      	12.7395      
  0.48    	37.4766      	12.1251      
  0.49    	37.2949      	11.539       
  0.5     	37.0782      	10.9829      
  0.51    	36.8296      	10.4583      
  0.52    	36.5524      	9.96654      
  0.53    	36.2495      	9.50857      
  0.54    	35.9241      	9.08515      
  0.55    	35.5793      	8.69681      
  0.56    	35.218       	8.34382      
  0.57    	34.8432      	8.02628      
  0.58    	34.4577      	7.74404      
  0.59    	34.0643      	7.4968       
  0.6     	33.6656      	7.28406      
  0.61    	33.2642      	7.10514      
  0.62    	32.8624      	6.95922      
  0.63    	32.4625      	6.84535      
  0.64    	32.0668      	6.76244      
  0.65    	31.6772      	6.70926      
  0.66    	31.2956      	6.68452      
  0.67    	30.9236      	6.68681      
  0.68    	30.563       	6.71466      
  0.69    	30.215       	6.76653      
  0.7     	29.881       	6.84083      
  0.71    	29.5621      	6.93592      
  0.72    	29.2592      	7.05014      
  0.73    	28.9733      	7.18182      
  0.74    	28.705       	7.32926      
  0.75    	28.4549      	7.49078      
  0.76    	28.2234      	7.66471      
  0.77    	28.0108      	7.84939      
  0.78    	27.8173      	8.04321      
  0.79    	27.6429      	8.24457      
  0.8     	27.4875      	8.45193      
  0.81    	27.3512      	8.66379      
  0.82    	27.2334      	8.87873      
  0.83    	27.1341      	9.09535      
  0.84    	27.0526      	9.31234      
  0.85    	26.9885      	9.52847      
  0.86    	26.9412      	9.74256      
  0.87    	26.91        	9.95351      
  0.88    	26.8943      	10.1603      
  0.89    	26.8934      	10.362       
  0.9     	26.9064      	10.5577      
  0.91    	26.9324      	10.7467      
  0.92    	26.9707      	10.9283      
  0.93    	27.0204      	11.1018      
  0.94    	27.0806      	11.2666      
  0.95    	27.1503      	11.4224      
  0.96    	27.2286      	11.5688      
  0.97    	27.3148      	11.7054      
  0.98    	27.4077      	11.8319      
  0.99    	27.5066      	11.9483      
  1       	27.6105      	12.0544      
  1.01    	27.7187      	12.1502      
  1.02    	27.8302      	12.2356      
  1.03    	27.9443      	12.3108      
  1.04    	28.0601      	12.3759      
  1.05    	28.177       	12.4311      
  1.06    	28.2942      	12.4766      
  1.07    	28.411       	12.5126      
  1.08    	28.5268      	12.5395      
  1.09    	28.641       	12.5576      
  1.1     	28.7531      	12.5674      
  1.11    	28.8624      	12.5691      
  1.12    	28.9686      	12.5632      
  1.13    	29.0713      	12.5502      
  1.14    	29.1699      	12.5305      
  1.15    	29.2643      	12.5046      
  1.16    	29.3541      	12.4729      
  1.17    	29.4389      	12.436       
  1.18    	29.5188      	12.3944      
  1.19    	29.5933      	12.3485      
  1.2     	29.6625      	12.2989      
  1.21    	29.7262      	12.2459      
  1.22    	29.7843      	12.1902      
  1.23    	29.8369      	12.1321      
  1.24    	29.8839      	12.0722      
  1.25    	29.9253      	12.0107      
  1.26    	29.9613      	11.9483      
  1.27    	29.9919      	11.8853      
  1.28    	30.0173      	11.822       
  1.29    	30.0375      	11.7589      
  1.3     	30.0528      	11.6962      
  1.31    	30.0633      	11.6344      
  1.32    	30.0692      	11.5737      
  1.33    	30.0708      	11.5144      
  1.34    	30.0682      	11.4568      
  1.35    	30.0618      	11.4011      
  1.36    	30.0517      	11.3474      
  1.37    	30.0382      	11.2961      
  1.38    	30.0216      	11.2473      
  1.39    	30.0021      	11.201       
  1.4     	29.98        	11.1575      
  1.41    	29.9555      	11.1168      
  1.42    	29.929       	11.079       
  1.43    	29.9007      	11.0441      
  1.44    	29.8708      	11.0123      
  1.45    	29.8396      	10.9834      
  1.46    	29.8074      	10.9576      
  1.47    	29.7743      	10.9348      
  1.48    	29.7407      	10.9149      
  1.49    	29.7067      	10.8979      
  1.5     	29.6725      	10.8838      
  1.51    	29.6384      	10.8724      
  1.52    	29.6045      	10.8638      
  1.53    	29.5711      	10.8577      
  1.54    	29.5382      	10.8542      
  1.55    	29.5061      	10.853       
  1.56    	29.4748      	10.854       
  1.57    	29.4446      	10.8572      
  1.58    	29.4154      	10.8623      
  1.59    	29.3875      	10.8693      
  1.6     	29.3609      	10.8781      
  1.61    	29.3357      	10.8884      
  1.62    	29.312       	10.9001      
  1.63    	29.2898      	10.9131      
  1.64    	29.2691      	10.9273      
  1.65    	29.2501      	10.9424      
  1.66    	29.2326      	10.9584      
  1.67    	29.2168      	10.9752      
  1.68    	29.2026      	10.9925      
  1.69    	29.19        	11.0103      
  1.7     	29.179       	11.0284      
  1.71    	29.1696      	11.0467      
  1.72    	29.1618      	11.0652      
  1.73    	29.1554      	11.0836      
  1.74    	29.1505      	11.1019      
  1.75    	29.147       	11.12        
  1.76    	29.1449      	11.1378      
  1.77    	29.1441      	11.1553      
  1.78    	29.1444      	11.1722      
  1.79    	29.146       	11.1886      
  1.8     	29.1486      	11.2045      
  1.81    	29.1523      	11.2197      
  1.82    	29.1568      	11.2341      
  1.83    	29.1623      	11.2478      
  1.84    	29.1685      	11.2608      
  1.85    	29.1754      	11.2729      
  1.86    	29.183       	11.2842      
  1.87    	29.1911      	11.2946      
  1.88    	29.1996      	11.3042      
  1.89    	29.2086      	11.3129      
  1.9     	29.2179      	11.3207      
  1.91    	29.2275      	11.3276      
  1.92    	29.2373      	11.3336      
  1.93    	29.2472      	11.3388      
  1.94    	29.2571      	11.3432      
  1.95    	29.2671      	11.3468      
  1.96    	29.277       	11.3495      
  1.97    	29.2868      	11.3515      
  1.98    	29.2964      	11.3528      
  1.99    	29.3058      	11.3533      
  2       	29.315       	11.3532      
  2.01    	29.324       	11.3525      
  2.02    	29.3326      	11.3512      
  2.03    	29.3408      	11.3493      
  2.04    	29.3487      	11.3469      
  2.05    	29.3562      	11.344       
  2.06    	29.3632      	11.3407      
  2.07    	29.3698      	11.337       
  2.08    	29.376       	11.333       
  2.09    	29.3817      	11.3287      
  2.1     	29.3869      	11.3241      
  2.11    	29.3917      	11.3193      
  2.12    	29.396       	11.3143      
  2.13    	29.3998      	11.3091      
  2.14    	29.4031      	11.3039      
  2.15    	29.406       	11.2985      
  2.16    	29.4084      	11.2932      
  2.17    	29.4104      	11.2878      
  2.18    	29.412       	11.2824      
  2.19    	29.4131      	11.2771      
  2.2     	29.4139      	11.2719      
  2.21    	29.4142      	11.2668      
  2.22    	29.4142      	11.2618      
  2.23    	29.4139      	11.257       
  2.24    	29.4132      	11.2523      
  2.25    	29.4122      	11.2478      
  2.26    	29.411       	11.2435      
  2.27    	29.4095      	11.2395      
  2.28    	29.4077      	11.2356      
  2.29    	29.4058      	11.232       
  2.3     	29.4036      	11.2286      
  2.31    	29.4013      	11.2255      
  2.32    	29.3988      	11.2227      
  2.33    	29.3962      	11.22        
  2.34    	29.3936      	11.2177      
  2.35    	29.3908      	11.2156      
  2.36    	29.388       	11.2138      
  2.37    	29.3851      	11.2122      
  2.38    	29.3822      	11.2108      
  2.39    	29.3793      	11.2097      
  2.4     	29.3764      	11.2088      
  2.41    	29.3735      	11.2082      
  2.42    	29.3707      	11.2077      
  2.43    	29.3679      	11.2075      
  2.44    	29.3652      	11.2075      
  2.45    	29.3626      	11.2077      
  2.46    	29.3601      	11.208       
  2.47    	29.3576      	11.2085      
  2.48    	29.3553      	11.2091      
  2.49    	29.3531      	11.2099      
  2.5     	29.351       	11.2109      
  2.51    	29.349       	11.2119      
  2.52    	29.3472      	11.213       
  2.53    	29.3455      	11.2143      
  2.54    	29.3439      	11.2156      
  2.55    	29.3425      	11.217       
  2.56    	29.3412      	11.2184      
  2.57    	29.34        	11.2199      
  2.58    	29.339       	11.2214      
  2.59    	29.3381      	11.223       
  2.6     	29.3374      	11.2246      
  2.61    	29.3368      	11.2261      
  2.62    	29.3363      	11.2277      
  2.63    	29.3359      	11.2292      
  2.64    	29.3356      	11.2308      
  2.65    	29.3355      	11.2323      
  2.66    	29.3355      	11.2337      
  2.67    	29.3355      	11.2352      
  2.68    	29.3357      	11.2365      
  2.69    	29.336       	11.2379      
  2.7     	29.3363      	11.2391      
  2.71    	29.3367      	11.2403      
  2.72    	29.3372      	11.2415      
  2.73    	29.3378      	11.2426      
  2.74    	29.3384      	11.2436      
  2.75    	29.339       	11.2445      
  2.76    	29.3397      	11.2453      
  2.77    	29.3405      	11.2461      
  2.78    	29.3413      	11.2468      
  2.79    	29.3421      	11.2475      
  2.8     	29.3429      	11.248       
  2.81    	29.3437      	11.2485      
  2.82    	29.3446      	11.2489      
  2.83    	29.3454      	11.2493      
  2.84    	29.3463      	11.2496      
  2.85    	29.3471      	11.2498      
  2.86    	29.3479      	11.2499      
  2.87    	29.3487      	11.25        
  2.88    	29.3495      	11.25        
  2.89    	29.3503      	11.25        
  2.9     	29.3511      	11.2499      
  2.91    	29.3518      	11.2498      
  2.92    	29.3525      	11.2496      
  2.93    	29.3531      	11.2494      
  2.94    	29.3537      	11.2491      
  2.95    	29.3543      	11.2488      
  2.96    	29.3549      	11.2485      
  2.97    	29.3554      	11.2482      
  2.98    	29.3559      	11.2478      
  2.99    	29.3563      	11.2474      
  3       	29.3566      	11.247       
  3.01    	29.4165      	11.3049      
  3.02    	29.6087      	11.3855      
  3.03    	29.9114      	11.4668      
  3.04    	30.3053      	11.5325      
  3.05    	30.7728      	11.5701      
  3.06    	31.2984      	11.5705      
  3.07    	31.8684      	11.5274      
  3.08    	32.4705      	11.4364      
  3.09    	33.0938      	11.2946      
  3.1     	33.7287      	11.1008      
  3.11    	34.3665      	10.8545      
  3.12    	34.9996      	10.5562      
  3.13    	35.6212      	10.2069      
  3.14    	36.2252      	9.80826      
  3.15    	36.8061      	9.36242      
  3.16    	37.3591      	8.87176      
  3.17    	37.8799      	8.33903      
  3.18    	38.3645      	7.76719      
  3.19    	38.8097      	7.15941      
  3.2     	39.2122      	6.51907      
  3.21    	39.5696      	5.84966      
  3.22    	39.8795      	5.15481      
  3.23    	40.14        	4.43824      
  3.24    	40.3496      	3.70378      
  3.25    	40.5069      	2.95529      
  3.26    	40.6109      	2.19669      
  3.27    	40.6611      	1.43193      
  3.28    	40.6571      	0.664976     
  3.29    	40.5988      	-0.100239    
  3.3     	40.4865      	-0.859786    
  3.31    	40.3207      	-1.60979     
  3.32    	40.1022      	-2.34642     
  3.33    	39.8321      	-3.06595     
  3.34    	39.5117      	-3.76473     
  3.35    	39.1427      	-4.43922     
  3.36    	38.7269      	-5.08602     
  3.37    	38.2663      	-5.70186     
  3.38    	37.7632      	-6.28365     
  3.39    	37.2203      	-6.82846     
  3.4     	36.6401      	-7.33354     
  3.41    	36.0257      	-7.79636     
  3.42    	35.38        	-8.21459     
  3.43    	34.7064      	-8.58613     
  3.44    	34.0082      	-8.90913     
  3.45    	33.2889      	-9.18195     
  3.46    	32.552       	-9.40324     
  3.47    	31.8014      	-9.57187     
  3.48    	31.0407      	-9.68701     
  3.49    	30.2737      	-9.74808     
  3.5     	29.5044      	-9.75476     
  3.51    	28.7365      	-9.70703     
  3.52    	27.9739      	-9.60513     
  3.53    	27.2204      	-9.44956     
  3.54    	26.4798      	-9.24111     
  3.55    	25.7558      	-8.98081     
  3.56    	25.052       	-8.66997     
  3.57    	24.372       	-8.31015     
  3.58    	23.7191      	-7.90314     
  3.59    	23.0966      	-7.45099     
  3.6     	22.5076      	-6.95596     
  3.61    	21.9551      	-6.42052     
  3.62    	21.4418      	-5.84736     
  3.63    	20.9704      	-5.23934     
  3.64    	20.5431      	-4.59952     
  3.65    	20.1622      	-3.93108     
  3.66    	19.8294      	-3.23738     
  3.67    	19.5465      	-2.52189     
  3.68    	19.315       	-1.78819     
  3.69    	19.1359      	-1.03996     
  3.7     	19.0101      	-0.280937    
  3.71    	18.9383      	0.485078     
  3.72    	18.9209      	1.25425      
  3.73    	18.9579      	2.02273      
  3.74    	19.0491      	2.78667      
  3.75    	19.1941      	3.54224      
  3.76    	19.3922      	4.28567      
  3.77    	19.6424      	5.01323      
  3.78    	19.9433      	5.72129      
  3.79    	20.2936      	6.40629      
  3.8     	20.6914      	7.0648       
  3.81    	21.1348      	7.69354      
  3.82    	21.6216      	8.28936      
  3.83    	22.1492      	8.84927      
  3.84    	22.7151      	9.37047      
  3.85    	23.3165      	9.85035      
  3.86    	23.9503      	10.2865      
  3.87    	24.6133      	10.6768      
  3.88    	25.3022      	11.0192      
  3.89    	26.0137      	11.312       
  3.9     	26.7441      	11.5538      
  3.91    	27.4897      	11.7433      
  3.92    	28.2469      	11.8797      
  3.93    	29.0118      	11.9621      
  3.94    	29.7806      	11.9903      
  3.95    	30.5495      	11.9641      
  3.96    	31.3146      	11.8835      
  3.97    	32.0721      	11.7491      
  3.98    	32.8182      	11.5614      
  3.99    	33.5492      	11.3215      
  4       	34.2613      	11.0304      
  4.01    	34.9512      	10.6898      
  4.02    	35.6151      	10.3012      
  4.03    	36.25        	9.86665      
  4.04    	36.8525      	9.3883       
  4.05    	37.4197      	8.86854      
  4.06    	37.9488      	8.30998      
  4.07    	38.437       	7.71542      
  4.08    	38.882       	7.08782      
  4.09    	39.2814      	6.43033      
  4.1     	39.6334      	5.74624      
  4.11    	39.9361      	5.03899      
  4.12    	40.1881      	4.31209      
  4.13    	40.3881      	3.5692       
  4.14    	40.535       	2.81404      
  4.15    	40.6281      	2.05038      
  4.16    	40.667       	1.28204      
  4.17    	40.6515      	0.512881     
  4.18    	40.5817      	-0.253259    
  4.19    	40.4578      	-1.01254     
  4.2     	40.2806      	-1.76117     
  4.21    	40.0509      	-2.49539     
  4.22    	39.7699      	-3.21153     
  4.23    	39.4389      	-3.90601     
  4.24    	39.0597      	-4.57534     
  4.25    	38.634       	-5.21619     
  4.26    	38.1642      	-5.82533     
  4.27    	37.6524      	-6.39973     
  4.28    	37.1013      	-6.9365      
  4.29    	36.5136      	-7.43297     
  4.3     	35.8923      	-7.88664     
  4.31    	35.2405      	-8.29525     
  4.32    	34.5614      	-8.65674     
  4.33    	33.8585      	-8.96932     
  4.34    	33.1352      	-9.23141     
  4.35    	32.3952      	-9.4417      
  4.36    	31.6422      	-9.59915     
  4.37    	30.88        	-9.70296     
  4.38    	30.1123      	-9.75261     
  4.39    	29.343       	-9.74786     
  4.4     	28.576       	-9.68873     
  4.41    	27.8151      	-9.57551     
  4.42    	27.0641      	-9.40878     
  4.43    	26.3267      	-9.18937     
  4.44    	25.6067      	-8.91837     
  4.45    	24.9077      	-8.59714     
  4.46    	24.2332      	-8.2273      
  4.47    	23.5865      	-7.81068     
  4.48    	22.9708      	-7.34938     
  4.49    	22.3894      	-6.84571     
  4.5     	21.845       	-6.30219     
  4.51    	21.3403      	-5.72154     
  4.52    	20.8781      	-5.10666     
  4.53    	20.4604      	-4.46063     
  4.54    	20.0895      	-3.7867      
  4.55    	19.7671      	-3.08822     
  4.56    	19.4949      	-2.3687      
  4.57    	19.2743      	-1.63173     
  4.58    	19.1064      	-0.881019    
  4.59    	18.9919      	-0.120308    
  4.6     	18.9316      	0.646589     
  4.61    	18.9256      	1.41584      
  4.62    	18.974       	2.18358      
  4.63    	19.0765      	2.94598      
  4.64    	19.2327      	3.69921      
  4.65    	19.4418      	4.43952      
  4.66    	19.7027      	5.16319      
  4.67    	20.0141      	5.8666       
  4.68    	20.3745      	6.54623      
  4.69    	20.782       	7.19867      
  4.7     	21.2347      	7.82067      
  4.71    	21.7302      	8.40911      
  4.72    	22.266       	8.96104      
  4.73    	22.8395      	9.4737       
  4.74    	23.4479      	9.94452      
  4.75    	24.088       	10.3712      
  4.76    	24.7566      	10.7515      
  4.77    	25.4505      	11.0835      
  4.78    	26.1661      	11.3657      
  4.79    	26.8999      	11.5966      
  4.8     	27.6482      	11.775       
  4.81    	28.4072      	11.9001      
  4.82    	29.1732      	11.9712      
  4.83    	29.9422      	11.9879      
  4.84    	30.7106      	11.9502      
  4.85    	31.4743      	11.8583      
  4.86    	32.2296      	11.7127      
  4.87    	32.9727      	11.514       
  4.88    	33.7         	11.2632      
  4.89    	34.4076      	10.9617      
  4.9     	35.0922      	10.6108      
  4.91    	35.7503      	10.2125      
  4.92    	36.3785      	9.76859      
  4.93    	36.9738      	9.2814       
  4.94    	37.5331      	8.75334      
  4.95    	38.0537      	8.18705      
  4.96    	38.533       	7.58537      
  4.97    	38.9685      	6.95131      
  4.98    	39.3581      	6.28804      
  4.99    	39.6999      	5.59889      
  5       	39.992       	4.8873       
  5.01    	40.2331      	4.15684      
  5.02    	40.422       	3.41116      
  5.03    	40.5576      	2.65399      
  5.04    	40.6394      	1.88913      
  5.05    	40.6669      	1.1204       
  5.06    	40.6399      	0.351654     
  5.07    	40.5587      	-0.413264    
  5.08    	40.4236      	-1.17052     
  5.09    	40.2353      	-1.91633     
  5.1     	39.9948      	-2.64696     
  5.11    	39.7032      	-3.35876     
  5.12    	39.3619      	-4.04814     
  5.13    	38.9728      	-4.71168     
  5.14    	38.5378      	-5.34605     
  5.15    	38.059       	-5.94806     
  5.16    	37.5388      	-6.51471     
  5.17    	36.9799      	-7.04317     
  5.18    	36.385       	-7.53078     
  5.19    	35.7571      	-7.9751      
  5.2     	35.0993      	-8.37392     
  5.21    	34.415       	-8.72524     
  5.22    	33.7076      	-9.02729     
  5.23    	32.9806      	-9.27857     
  5.24    	32.2377      	-9.47781     
  5.25    	31.4825      	-9.62403     
  5.26    	30.7189      	-9.71648     
  5.27    	29.9506      	-9.75471     
  5.28    	29.1816      	-9.73853     
  5.29    	28.4157      	-9.66801     
  5.3     	27.6566      	-9.54351     
  5.31    	26.9083      	-9.36566     
  5.32    	26.1744      	-9.13534     
  5.33    	25.4586      	-8.8537      
  5.34    	24.7645      	-8.52216     
  5.35    	24.0956      	-8.14238     
  5.36    	23.4553      	-7.71626     
  5.37    	22.8467      	-7.24592     
  5.38    	22.2728      	-6.73373     
  5.39    	21.7366      	-6.18224     
  5.4     	21.2408      	-5.59423     
  5.41    	20.7877      	-4.97263     
  5.42    	20.3798      	-4.32055     
  5.43    	20.0189      	-3.64126     
  5.44    	19.707       	-2.93816     
  5.45    	19.4456      	-2.21477     
  5.46    	19.236       	-1.47471     
  5.47    	19.0793      	-0.721674    
  5.48    	18.9762      	0.0405535    
  5.49    	18.9272      	0.808163     
  5.5     	18.9326      	1.57731      
  5.51    	18.9924      	2.34415      
  5.52    	19.1063      	3.10484      
  5.53    	19.2737      	3.85558      
  5.54    	19.4937      	4.5926       
  5.55    	19.7653      	5.31221      
  5.56    	20.0871      	6.01082      
  5.57    	20.4575      	6.68493      
  5.58    	20.8746      	7.33116      
  5.59    	21.3364      	7.94628      
  5.6     	21.8405      	8.52721      
  5.61    	22.3844      	9.07104      
  5.62    	22.9654      	9.57506      
  5.63    	23.5806      	10.0367      
  5.64    	24.2269      	10.4537      
  5.65    	24.9011      	10.824       
  5.66    	25.5997      	11.1457      
  5.67    	26.3194      	11.4172      
  5.68    	27.0564      	11.6371      
  5.69    	27.8071      	11.8043      
  5.7     	28.5678      	11.9181      
  5.71    	29.3347      	11.9778      
  5.72    	30.1038      	11.9831      
  5.73    	30.8714      	11.934       
  5.74    	31.6335      	11.8308      
  5.75    	32.3865      	11.6739      
  5.76    	33.1265      	11.4642      
  5.77    	33.8498      	11.2027      
  5.78    	34.5529      	10.8907      
  5.79    	35.232       	10.5298      
  5.8     	35.884       	10.1218      
  5.81    	36.5055      	9.66864      
  5.82    	37.0934      	9.17272      
  5.83    	37.6448      	8.63647      
  5.84    	38.1568      	8.06258      
  5.85    	38.6271      	7.45392      
  5.86    	39.053       	6.81354      
  5.87    	39.4327      	6.14464      
  5.88    	39.7641      	5.45058      
  5.89    	40.0456      	4.73482      
  5.9     	40.2758      	4.00095      
  5.91    	40.4535      	3.25264      
  5.92    	40.5779      	2.49364      
  5.93    	40.6483      	1.72775      
  5.94    	40.6643      	0.958799     
  5.95    	40.626       	0.190638     
  5.96    	40.5334      	-0.572888    
  5.97    	40.3871      	-1.32796     
  5.98    	40.1877      	-2.07079     
  5.99    	39.9364      	-2.79767     
  6       	39.6343      	-3.50495     
  6.01    	39.2829      	-4.1891      
  6.02    	38.884       	-4.8467      
  6.03    	38.4396      	-5.47444     
  6.04    	37.952       	-6.06919     
  6.05    	37.4235      	-6.62798     
  6.06    	36.8568      	-7.148       
  6.07    	36.2548      	-7.62665     
  6.08    	35.6205      	-8.06154     
  6.09    	34.957       	-8.45048     
  6.1     	34.2676      	-8.79154     
  6.11    	33.5559      	-9.083       
  6.12    	32.8254      	-9.32341     
  6.13    	32.0796      	-9.51157     
  6.14    	31.3225      	-9.64653     
  6.15    	30.5577      	-9.72761     
  6.16    	29.789       	-9.75441     
  6.17    	29.0204      	-9.7268      
  6.18    	28.2557      	-9.64492     
  6.19    	27.4987      	-9.50917     
  6.2     	26.7532      	-9.32023     
  6.21    	26.0229      	-9.07906     
  6.22    	25.3115      	-8.78685     
  6.23    	24.6225      	-8.44508     
  6.24    	23.9594      	-8.05544     
  6.25    	23.3255      	-7.6199      
  6.26    	22.724       	-7.14063     
  6.27    	22.1579      	-6.62004     
  6.28    	21.6301      	-6.06072     
  6.29    	21.1431      	-5.46547     
  6.3     	20.6994      	-4.83729     
  6.31    	20.3012      	-4.17931     
  6.32    	19.9506      	-3.49482     
  6.33    	19.6492      	-2.78725     
  6.34    	19.3986      	-2.06015     
  6.35    	19.2001      	-1.31714     
  6.36    	19.0545      	-0.561966    
  6.37    	18.9628      	0.201611     
  6.38    	18.9252      	0.969763     
  6.39    	18.9421      	1.73865      
  6.4     	19.0133      	2.50441      
  6.41    	19.1384      	3.26323      
  6.42    	19.3169      	4.01129      
  6.43    	19.5479      	4.74486      
  6.44    	19.8301      	5.46027      
  6.45    	20.1622      	6.15393      
  6.46    	20.5425      	6.82237      
  6.47    	20.9692      	7.46224      
  6.48    	21.44        	8.07035      
  6.49    	21.9526      	8.64365      
  6.5     	22.5044      	9.17927      
  6.51    	23.0928      	9.67452      
  6.52    	23.7147      	10.1269      
  6.53    	24.367       	10.5342      
  6.54    	25.0465      	10.8944      
  6.55    	25.7498      	11.2056      
  6.56    	26.4733      	11.4663      
  6.57    	27.2134      	11.6753      
  6.58    	27.9665      	11.8313      
  6.59    	28.7287      	11.9337      
  6.6     	29.4962      	11.982       
  6.61    	30.2652      	11.9759      
  6.62    	31.0319      	11.9154      
  6.63    	31.7924      	11.8009      
  6.64    	32.5428      	11.6328      
  6.65    	33.2795      	11.4122      
  6.66    	33.9988      	11.14        
  6.67    	34.697       	10.8176      
  6.68    	35.3707      	10.4467      
  6.69    	36.0164      	10.0291      
  6.7     	36.631       	9.56683      
  6.71    	37.2114      	9.06229      
  6.72    	37.7547      	8.51797      
  6.73    	38.2581      	7.93661      
  6.74    	38.7191      	7.32111      
  6.75    	39.1355      	6.67455      
  6.76    	39.5051      	6.00017      
  6.77    	39.8261      	5.30135      
  6.78    	40.0969      	4.58158      
  6.79    	40.3161      	3.84447      
  6.8     	40.4827      	3.0937       
  6.81    	40.5957      	2.33303      
  6.82    	40.6547      	1.56628      
  6.83    	40.6594      	0.797274     
  6.84    	40.6096      	0.0298682    
  6.85    	40.5057      	-0.732098    
  6.86    	40.3482      	-1.48481     
  6.87    	40.1379      	-2.2245      
  6.88    	39.8758      	-2.94747     
  6.89    	39.5632      	-3.65009     
  6.9     	39.2017      	-4.32885     
  6.91    	38.7932      	-4.98036     
  6.92    	38.3396      	-5.60135     
  6.93    	37.8432      	-6.18871     
  6.94    	37.3066      	-6.7395      
  6.95    	36.7323      	-7.25097     
  6.96    	36.1233      	-7.72056     
  6.97    	35.4827      	-8.14592     
  6.98    	34.8135      	-8.52491     
  6.99    	34.1193      	-8.85564     
  7       	33.4034      	-9.13645     
  7.01    	32.6695      	-9.36595     
  7.02    	31.9211      	-9.54297     
  7.03    	31.1621      	-9.66664     
  7.04    	30.3963      	-9.73634     
  7.05    	29.6275      	-9.75171     
  7.06    	28.8595      	-9.71268     
  7.07    	28.0961      	-9.61945     
  7.08    	27.3413      	-9.47248     
  7.09    	26.5988      	-9.27251     
  7.1     	25.8722      	-9.02054     
  7.11    	25.1653      	-8.71783     
  7.12    	24.4816      	-8.3659      
  7.13    	23.8245      	-7.9665      
  7.14    	23.1972      	-7.52164     
  7.15    	22.603       	-7.03355     
  7.16    	22.0448      	-6.50466     
  7.17    	21.5254      	-5.93763     
  7.18    	21.0473      	-5.3353      
  7.19    	20.6131      	-4.70067     
  7.2     	20.2248      	-4.03693     
  7.21    	19.8844      	-3.34739     
  7.22    	19.5936      	-2.63551     
  7.23    	19.3539      	-1.90486     
  7.24    	19.1664      	-1.15909     
  7.25    	19.0322      	-0.401928    
  7.26    	18.9518      	0.362828     
  7.27    	18.9257      	1.13135      
  7.28    	18.954       	1.8998       
  7.29    	19.0365      	2.66432      
  7.3     	19.1729      	3.42109      
  7.31    	19.3625      	4.16632      
  7.32    	19.6043      	4.89629      
  7.33    	19.8971      	5.60732      
  7.34    	20.2394      	6.29588      
  7.35    	20.6296      	6.95851      
  7.36    	21.0656      	7.59189      
  7.37    	21.5453      	8.19285      
  7.38    	22.0663      	8.75839      
  7.39    	22.626       	9.28568      
  7.4     	23.2216      	9.77207      
  7.41    	23.8501      	10.2151      
  7.42    	24.5083      	10.6126      
  7.43    	25.193       	10.9626      
  7.44    	25.9007      	11.2633      
  7.45    	26.628       	11.5132      
  7.46    	27.371       	11.7111      
  7.47    	28.1262      	11.8559      
  7.48    	28.8897      	11.947       
  7.49    	29.6578      	11.9838      
  7.5     	30.4265      	11.9663      
  7.51    	31.1921      	11.8944      
  7.52    	31.9507      	11.7686      
  7.53    	32.6985      	11.5895      
  7.54    	33.4317      	11.3579      
  7.55    	34.1468      	11.0751      
  7.56    	34.84        	10.7424      
  7.57    	35.508       	10.3616      
  7.58    	36.1474      	9.93444      
  7.59    	36.755       	9.46318      
  7.6     	37.3277      	8.95013      
  7.61    	37.8628      	8.39787      
  7.62    	38.3574      	7.80917      
  7.63    	38.8092      	7.18696      
  7.64    	39.2159      	6.53437      
  7.65    	39.5754      	5.85466      
  7.66    	39.8859      	5.15124      
  7.67    	40.1459      	4.42762      
  7.68    	40.3541      	3.68742      
  7.69    	40.5095      	2.93436      
  7.7     	40.6112      	2.1722       
  7.71    	40.6588      	1.40475      
  7.72    	40.652       	0.635862     
  7.73    	40.5908      	-0.130619    
  7.74    	40.4757      	-0.890857    
  7.75    	40.307       	-1.64105     
  7.76    	40.0857      	-2.37743     
  7.77    	39.8129      	-3.09633     
  7.78    	39.49        	-3.79414     
  7.79    	39.1185      	-4.46736     
  7.8     	38.7004      	-5.11264     
  7.81    	38.2377      	-5.72674     
  7.82    	37.7327      	-6.30658     
  7.83    	37.188       	-6.84926     
  7.84    	36.6063      	-7.35208     
  7.85    	35.9905      	-7.8125      
  7.86    	35.3436      	-8.22823     
  7.87    	34.669       	-8.59718     
  7.88    	33.97        	-8.91751     
  7.89    	33.2501      	-9.18762     
  7.9     	32.513       	-9.40615     
  7.91    	31.7622      	-9.57201     
  7.92    	31.0015      	-9.68437     
  7.93    	30.2348      	-9.74266     
  7.94    	29.466       	-9.7466      
  7.95    	28.6987      	-9.69617     
  7.96    	27.937       	-9.59162     
  7.97    	27.1845      	-9.43346     
  7.98    	26.4451      	-9.2225      
  7.99    	25.7225      	-8.9598      
  8       	25.0203      	-8.64665     
  8.01    	24.342       	-8.28464     
  8.02    	23.6909      	-7.87558     
  8.03    	23.0705      	-7.4215      
  8.04    	22.4836      	-6.92469     
  8.05    	21.9334      	-6.38764     
  8.06    	21.4225      	-5.81302     
  8.07    	20.9536      	-5.20373     
  8.08    	20.5288      	-4.5628      
  8.09    	20.1505      	-3.89344     
  8.1     	19.8205      	-3.19901     
  8.11    	19.5403      	-2.48299     
  8.12    	19.3115      	-1.74895     
  8.13    	19.1352      	-1.00057     
  8.14    	19.0122      	-0.241597    
  8.15    	18.9432      	0.52417      
  8.16    	18.9285      	1.2929       
  8.17    	18.9682      	2.06074      
  8.18    	19.0621      	2.82385      
  8.19    	19.2098      	3.57841      
  8.2     	19.4104      	4.32064      
  8.21    	19.6629      	5.04684      
  8.22    	19.9662      	5.75335      
  8.23    	20.3187      	6.43665      
  8.24    	20.7186      	7.09332      
  8.25    	21.164       	7.72007      
  8.26    	21.6525      	8.31376      
  8.27    	22.1818      	8.87141      
  8.28    	22.7492      	9.39025      
  8.29    	23.3519      	9.86767      
  8.3     	23.9868      	10.3013      
  8.31    	24.6508      	10.6889      
  8.32    	25.3405      	11.0286      
  8.33    	26.0525      	11.3187      
  8.34    	26.7833      	11.5578      
  8.35    	27.5291      	11.7445      
  8.36    	28.2862      	11.8781      
  8.37    	29.0509      	11.9578      
  8.38    	29.8194      	11.9832      
  8.39    	30.5876      	11.9542      
  8.4     	31.352       	11.871       
  8.41    	32.1085      	11.734       
  8.42    	32.8534      	11.5438      
  8.43    	33.5831      	11.3014      
  8.44    	34.2937      	11.008       
  8.45    	34.9819      	10.6651      
  8.46    	35.644       	10.2744      
  8.47    	36.2769      	9.83789      
  8.48    	36.8774      	9.35771      
  8.49    	37.4423      	8.83627      
  8.5     	37.969       	8.2762       
  8.51    	38.4548      	7.68028      
  8.52    	38.8973      	7.05151      
  8.53    	39.2941      	6.39303      
  8.54    	39.6434      	5.70814      
  8.55    	39.9434      	5.00027      
  8.56    	40.1927      	4.27296      
  8.57    	40.3898      	3.52985      
  8.58    	40.5339      	2.77466      
  8.59    	40.6243      	2.01117      
  8.6     	40.6605      	1.2432       
  8.61    	40.6422      	0.474598     
  8.62    	40.5697      	-0.290789    
  8.63    	40.4432      	-1.04913     
  8.64    	40.2635      	-1.79663     
  8.65    	40.0313      	-2.52955     
  8.66    	39.7479      	-3.24422     
  8.67    	39.4147      	-3.93706     
  8.68    	39.0333      	-4.6046      
  8.69    	38.6057      	-5.24351     
  8.7     	38.1339      	-5.85058     
  8.71    	37.6205      	-6.42278     
  8.72    	37.0678      	-6.95724     
  8.73    	36.4788      	-7.45128     
  8.74    	35.8563      	-7.90244     
  8.75    	35.2034      	-8.30845     
  8.76    	34.5235      	-8.66729     
  8.77    	33.8199      	-8.97715     
  8.78    	33.0962      	-9.2365      
  8.79    	32.3559      	-9.44402     
  8.8     	31.6028      	-9.59868     
  8.81    	30.8407      	-9.6997      
  8.82    	30.0733      	-9.74659     
  8.83    	29.3046      	-9.7391      
  8.84    	28.5383      	-9.67728     
  8.85    	27.7783      	-9.56142     
  8.86    	27.0284      	-9.39213     
  8.87    	26.2923      	-9.17023     
  8.88    	25.5737      	-8.89684     
  8.89    	24.8763      	-8.57334     
  8.9     	24.2036      	-8.20133     
  8.91    	23.5588      	-7.78269     
  8.92    	22.9452      	-7.3195      
  8.93    	22.3659      	-6.81409     
  8.94    	21.8238      	-6.26899     
  8.95    	21.3216      	-5.68692     
  8.96    	20.8618      	-5.0708      
  8.97    	20.4467      	-4.42371     
  8.98    	20.0784      	-3.74889     
  8.99    	19.7587      	-3.04973     
  9       	19.4893      	-2.32971     
  9.01    	19.2715      	-1.59244     
  9.02    	19.1063      	-0.841625    
  9.03    	18.9946      	-0.0810077   
  9.04    	18.937       	0.6856       
  9.05    	18.9338      	1.45436      
  9.06    	18.9849      	2.22143      
  9.07    	19.0901      	2.98296      
  9.08    	19.2489      	3.73514      
  9.09    	19.4605      	4.47422      
  9.1     	19.7238      	5.19648      
  9.11    	20.0375      	5.89831      
  9.12    	20.4001      	6.57621      
  9.13    	20.8096      	7.22678      
  9.14    	21.2642      	7.84675      
  9.15    	21.7615      	8.43304      
  9.16    	22.2989      	8.9827       
  9.17    	22.8739      	9.49298      
  9.18    	23.4835      	9.96132      
  9.19    	24.1247      	10.3854      
  9.2     	24.7943      	10.7631      
  9.21    	25.4889      	11.0925      
  9.22    	26.2051      	11.3719      
  9.23    	26.9392      	11.6         
  9.24    	27.6876      	11.7756      
  9.25    	28.4465      	11.8979      
  9.26    	29.2123      	11.9662      
  9.27    	29.9809      	11.9802      
  9.28    	30.7485      	11.9398      
  9.29    	31.5114      	11.8453      
  9.3     	32.2658      	11.697       
  9.31    	33.0077      	11.4958      
  9.32    	33.7335      	11.2426      
  9.33    	34.4397      	10.9387      
  9.34    	35.1225      	10.5857      
  9.35    	35.7787      	10.1853      
  9.36    	36.405       	9.73944      
  9.37    	36.9981      	9.25044      
  9.38    	37.5552      	8.72074      
  9.39    	38.0735      	8.15297      
  9.4     	38.5503      	7.54997      
  9.41    	38.9833      	6.91478      
  9.42    	39.3703      	6.25056      
  9.43    	39.7093      	5.56065      
  9.44    	39.9987      	4.84849      
  9.45    	40.2371      	4.11765      
  9.46    	40.4231      	3.37178      
  9.47    	40.556       	2.61463      
  9.48    	40.635       	1.84998      
  9.49    	40.6597      	1.08166      
  9.5     	40.6301      	0.313518     
  9.51    	40.5462      	-0.450607    
  9.52    	40.4085      	-1.20689     
  9.53    	40.2177      	-1.95154     
  9.54    	39.9747      	-2.68083     
  9.55    	39.6807      	-3.39111     
  9.56    	39.3372      	-4.07883     
  9.57    	38.946       	-4.74054     
  9.58    	38.509       	-5.37294     
  9.59    	38.0284      	-5.97285     
  9.6     	37.5065      	-6.53728     
  9.61    	36.9461      	-7.06339     
  9.62    	36.3498      	-7.54856     
  9.63    	35.7207      	-7.99036     
  9.64    	35.062       	-8.38657     
  9.65    	34.3769      	-8.73522     
  9.66    	33.6689      	-9.03455     
  9.67    	32.9415      	-9.28307     
  9.68    	32.1983      	-9.47954     
  9.69    	31.4431      	-9.62297     
  9.7     	30.6797      	-9.71264     
  9.71    	29.9118      	-9.74811     
  9.72    	29.1434      	-9.7292      
  9.73    	28.3782      	-9.656       
  9.74    	27.62        	-9.52888     
  9.75    	26.8728      	-9.34848     
  9.76    	26.1402      	-9.11569     
  9.77    	25.4259      	-8.83169     
  9.78    	24.7335      	-8.4979      
  9.79    	24.0664      	-8.11598     
  9.8     	23.428       	-7.68786     
  9.81    	22.8214      	-7.21566     
  9.82    	22.2498      	-6.70176     
  9.83    	21.7159      	-6.14873     
  9.84    	21.2225      	-5.55934     
  9.85    	20.7719      	-4.93653     
  9.86    	20.3666      	-4.28343     
  9.87    	20.0084      	-3.6033      
  9.88    	19.6992      	-2.89955     
  9.89    	19.4406      	-2.17571     
  9.9     	19.2337      	-1.43538     
  9.91    	19.0798      	-0.682289    
  9.92    	18.9794      	0.0798043    
  9.93    	18.9333      	0.847083     
  9.94    	18.9414      	1.61571      
  9.95    	19.0039      	2.38183      
  9.96    	19.1204      	3.14161      
  9.97    	19.2904      	3.89125      
  9.98    	19.5129      	4.62701      
  9.99    	19.7869      	5.34518      
  10      	20.1109      	6.04218      
