                 0.5		          0		          0		          0
    2.22903623991394		          0		          0		          0
    2.22936623991394		2.49040267249623e-05		0.00102321771652705		0.0017916643075111
    2.22936628247948		2.49040237419658e-05		0.00102321752957869		0.00179166398359784
    2.22936636746763		2.49040177857975e-05		0.00102321715629993		0.00179166333684183
    2.22936649489473		2.49040088549255e-05		0.00102321659659928		0.00179166236708417
    2.22936666477715		2.49039969476255e-05		0.0010232158503754		0.00179166107414874
    2.22936687713126		2.4903982061979e-05		0.00102321491751704		0.00179165945784205
    2.22936713197345		2.49039641958746e-05		0.00102321379790311		0.00179165751795338
     2.2293674293201		2.49039433470064e-05		0.0010232124914026		0.00179165525425462
     2.2293677691876		2.49039195128742e-05		0.00102321099787457		0.00179165266650029
    2.22936815159236		2.49038926907845e-05		0.00102320931716822		0.00179164975442762
    2.22936857655079		2.49038628778477e-05		0.00102320744912273		0.00179164651775633
    2.22936904407931		2.49038300709807e-05		0.00102320539356742		0.00179164295618884
    2.22936955419433		2.49037942669039e-05		0.00102320315032157		0.00179163906941
     2.2293701069123		2.4903755462143e-05		0.00102320071919452		0.00179163485708725
    2.22937070224966		2.49037136530282e-05		0.00102319809998566		0.00179163031887058
    2.22937134022284		2.49036688356928e-05		0.00102319529248427		0.00179162545439233
    2.22937202084832		2.49036210060756e-05		0.00102319229646978		0.00179162026326754
    2.22937274414255		2.49035701599172e-05		0.00102318911171145		0.00179161474509347
      2.229373510122		2.49035162927627e-05		0.00102318573796857		0.00179160889944991
    2.22937431880316		2.49034593999593e-05		0.00102318217499035		0.00179160272589898
     2.2293751702025		2.49033994766582e-05		0.001023178422516		0.00179159622398531
    2.22937606433653		2.49033365178118e-05		0.00102317448027456		0.0017915893932357
    2.22937700122174		2.49032705181758e-05		0.00102317034798505		0.00179158223315943
    2.22937798087464		2.49032014723075e-05		0.00102316602535637		0.00179157474324802
    2.22937900331176		2.4903129374566e-05		0.00102316151208729		0.00179156692297529
    2.22938006854961		2.49030542191116e-05		0.00102315680786646		0.0017915587717973
    2.22938117660473		2.49029759999065e-05		0.00102315191237241		0.00179155028915241
    2.22938232749366		2.49028947107131e-05		0.00102314682527346		0.0017915414744611
    2.22938352123295		2.49028103450954e-05		0.00102314154622785		0.00179153232712617
    2.22938475783914		2.49027228964168e-05		0.00102313607488354		0.00179152284653247
    2.22938603732881		2.49026323578419e-05		0.0010231304108784		0.00179151303204709
    2.22938735971853		2.49025387223344e-05		0.00102312455384		0.0017915028830192
    2.22938872502487		2.49024419826581e-05		0.00102311850338575		0.00179149239878007
    2.22939013326442		2.49023421313764e-05		0.00102311225912283		0.0017914815786431
    2.22939158445377		2.49022391608511e-05		0.00102310582064812		0.00179147042190368
    2.22939307860954		2.49021330632436e-05		0.00102309918754831		0.0017914589278393
    2.22939461574831		2.49020238305134e-05		0.00102309235939978		0.00179144709570941
    2.22939619588672		2.49019114544186e-05		0.00102308533576863		0.00179143492475549
    2.22939781904139		2.49017959265152e-05		0.00102307811621067		0.00179142241420095
    2.22939948522894		2.49016772381568e-05		0.00102307070027139		0.00179140956325115
    2.22940119446603		2.49015553804953e-05		0.00102306308748598		0.00179139637109344
    2.22940294676929		2.49014303444788e-05		0.00102305527737926		0.00179138283689695
    2.22940474215538		2.49013021208534e-05		0.00102304726946575		0.00179136895981281
    2.22940658064098		2.4901170700161e-05		0.00102303906324955		0.00179135473897389
    2.22940846224274		2.49010360727403e-05		0.0010230306582244		0.00179134017349493
    2.22941038697735		2.49008982287262e-05		0.00102302205387368		0.00179132526247249
    2.22941235486149		2.49007571580498e-05		0.00102301324967036		0.00179131000498495
    2.22941436591186		2.4900612850437e-05		0.00102300424507694		0.00179129440009233
    2.22941642014516		2.49004652954099e-05		0.00102299503954558		0.0017912784468365
     2.2294185175781		2.4900314482285e-05		0.00102298563251793		0.001791262144241
     2.2294206582274		2.49001604001741e-05		0.00102297602342522		0.00179124549131106
    2.22942284210978		2.49000030379829e-05		0.00102296621168818		0.00179122848703355
    2.22942506924198		2.4899842384412e-05		0.00102295619671708		0.00179121113037704
    2.22942733964074		2.48996784279556e-05		0.00102294597791172		0.00179119342029169
     2.2294296533228		2.48995111569016e-05		0.00102293555466133		0.00179117535570925
    2.22943201030493		2.48993405593313e-05		0.00102292492634468		0.00179115693554304
    2.22943441060388		2.48991666231191e-05		0.00102291409232996		0.00179113815868795
    2.22943685423644		2.48989893359326e-05		0.00102290305197484		0.00179111902402041
    2.22943934121937		2.4898808685231e-05		0.00102289180462641		0.00179109953039827
    2.22944187156947		2.48986246582669e-05		0.0010228803496212		0.00179107967666095
    2.22944444530353		2.48984372420844e-05		0.00102286868628515		0.00179105946162933
    2.22944706243836		2.48982464235192e-05		0.00102285681393359		0.00179103888410565
    2.22944972299077		2.4898052189198e-05		0.00102284473187121		0.00179101794287355
    2.22945242697758		2.48978545255399e-05		0.00102283243939215		0.00179099663669818
     2.2294551744156		2.48976534187536e-05		0.00102281993577981		0.00179097496432593
    2.22945796532169		2.48974488548391e-05		0.00102280722030701		0.00179095292448457
    2.22946079971267		2.48972408195864e-05		0.00102279429223586		0.00179093051588321
    2.22946367760541		2.48970292985754e-05		0.00102278115081781		0.0017909077372122
    2.22946659901676		2.4896814277176e-05		0.0010227677952936		0.0017908845871432
    2.22946956396358		2.48965957405471e-05		0.00102275422489327		0.00179086106432908
    2.22947257246275		2.48963736736373e-05		0.00102274043883612		0.00179083716740398
    2.22947562453114		2.48961480611831e-05		0.00102272643633073		0.00179081289498313
    2.22947872018567		2.48959188877109e-05		0.00102271221657493		0.0017907882456631
     2.2294818594432		2.4895686137534e-05		0.00102269777875579		0.00179076321802145
    2.22948504232066		2.48954497947544e-05		0.00102268312204957		0.00179073781061694
    2.22948826883496		2.48952098432615e-05		0.00102266824562178		0.00179071202198943
    2.22949153900301		2.48949662667321e-05		0.00102265314862709		0.00179068585065981
    2.22949485284175		2.48947190486306e-05		0.00102263783020942		0.00179065929513013
    2.22949821036811		2.48944681722071e-05		0.00102262228950176		0.00179063235388333
    2.22950161159903		2.48942136204989e-05		0.00102260652562631		0.00179060502538343
    2.22950505655148		2.48939553763296e-05		0.00102259053769442		0.00179057730807545
    2.22950854524241		2.48936934223082e-05		0.00102257432480655		0.00179054920038534
    2.22951207768878		2.48934277408297e-05		0.00102255788605227		0.00179052070071996
    2.22951565390758		2.48931583140742e-05		0.00102254122051028		0.00179049180746714
    2.22951927391578		2.48928851240068e-05		0.00102252432724831		0.00179046251899553
    2.22952293773039		2.48926081523769e-05		0.00102250720532319		0.00179043283365465
    2.22952664536839		2.4892327380719e-05		0.00102248985378083		0.0017904027497749
    2.22953039684681		2.48920427903514e-05		0.00102247227165618		0.00179037226566749
    2.22953419218265		2.48917543623759e-05		0.00102245445797318		0.00179034137962435
    2.22953803139293		2.4891462077678e-05		0.00102243641174484		0.00179031008991826
    2.22954191449469		2.48911659169264e-05		0.00102241813197314		0.00179027839480267
    2.22954584150497		2.48908658605726e-05		0.00102239961764905		0.0017902462925118
    2.22954981244082		2.48905618888508e-05		0.00102238086775255		0.00179021378126053
    2.22955382731928		2.4890253981777e-05		0.00102236188125254		0.00179018085924442
    2.22955788615743		2.48899421191493e-05		0.00102234265710687		0.00179014752463962
    2.22956198897234		2.48896262805481e-05		0.00102232319426237		0.00179011377560303
    2.22956613578108		2.4889306445334e-05		0.00102230349165474		0.00179007961027198
    2.22957032660074		2.48889825926494e-05		0.0010222835482086		0.00179004502676448
    2.22957456144841		2.48886547014173e-05		0.0010222633628375		0.00179001002317908
    2.22957884034121		2.48883227503409e-05		0.00102224293444382		0.0017899745975948
    2.22958316329624		2.48879867179032e-05		0.00102222226191881		0.00178993874807117
    2.22958753033061		2.48876465823675e-05		0.00102220134414259		0.00178990247264821
    2.22959194146146		2.48873023217763e-05		0.00102218017998411		0.00178986576934639
    2.22959639670593		2.48869539139512e-05		0.00102215876830115		0.0017898286361666
    2.22960089608114		2.48866013364924e-05		0.00102213710794028		0.00178979107109008
    2.22960543960426		2.4886244566779e-05		0.00102211519773687		0.00178975307207851
    2.22961002729245		2.48858835819681e-05		0.00102209303651509		0.00178971463707391
    2.22961465916286		2.48855183589945e-05		0.00102207062308785		0.00178967576399857
    2.22961933523268		2.48851488745707e-05		0.00102204795625684		0.00178963645075515
    2.22962405551909		2.48847751051861e-05		0.00102202503481245		0.0017895966952265
    2.22962882003927		2.48843970271076e-05		0.00102200185753384		0.00178955649527582
    2.22963362881044		2.48840146163779e-05		0.00102197842318884		0.00178951584874645
    2.22963848184978		2.48836278488166e-05		0.001021954730534		0.001789474753462
    2.22964337917453		2.48832367000185e-05		0.00102193077831453		0.00178943320722616
     2.2296483208019		2.48828411453548e-05		0.00102190656526435		0.00178939120782289
    2.22965330674912		2.48824411599716e-05		0.00102188209010601		0.00178934875301621
    2.22965833703343		2.48820367187893e-05		0.00102185735155065		0.00178930584055019
    2.22966341167208		2.4881627796504e-05		0.00102183234829811		0.0017892624681491
    2.22966853068233		2.48812143675852e-05		0.00102180707903682		0.00178921863351714
    2.22967369408143		2.48807964062768e-05		0.00102178154244378		0.00178917433433861
    2.22967890188666		2.48803738865964e-05		0.00102175573718461		0.00178912956827782
    2.22968415411529		2.48799467823343e-05		0.00102172966191346		0.00178908433297898
    2.22968945078462		2.48795150670541e-05		0.00102170331527306		0.00178903862606631
    2.22969479191194		2.48790787140921e-05		0.00102167669589467		0.00178899244514395
    2.22970017751455		2.48786376965565e-05		0.00102164980239808		0.00178894578779591
    2.22970560760977		2.48781919873279e-05		0.00102162263339159		0.00178889865158611
     2.2297110822149		2.48777415590582e-05		0.00102159518747199		0.00178885103405831
    2.22971660134729		2.48772863841705e-05		0.00102156746322456		0.00178880293273607
    2.22972216502426		2.4876826434859e-05		0.00102153945922304		0.00178875434512279
    2.22972777326316		2.48763616830884e-05		0.00102151117402964		0.00178870526870164
    2.22973342608135		2.48758921005935e-05		0.00102148260619499		0.0017886557009355
    2.22973912349617		2.48754176588794e-05		0.00102145375425816		0.00178860563926702
      2.229744865525		2.48749383292199e-05		0.00102142461674661		0.00178855508111849
    2.22975065218522		2.4874454082659e-05		0.00102139519217622		0.00178850402389195
    2.22975648349421		2.48739648900087e-05		0.00102136547905123		0.00178845246496901
    2.22976235946935		2.48734707218501e-05		0.00102133547586426		0.00178840040171096
    2.22976828012806		2.48729715485321e-05		0.00102130518109629		0.00178834783145866
    2.22977424548774		2.48724673401717e-05		0.00102127459321662		0.00178829475153256
     2.2297802555658		2.48719580666531e-05		0.00102124371068288		0.00178824115923264
    2.22978631037967		2.48714436976276e-05		0.00102121253194101		0.0017881870518384
    2.22979240994679		2.48709242025132e-05		0.00102118105542523		0.00178813242660881
    2.22979855428459		2.48703995504948e-05		0.00102114927955809		0.00178807728078239
    2.22980474341052		2.48698697105227e-05		0.00102111720275034		0.00178802161157702
    2.22981097734204		2.4869334651313e-05		0.00102108482340101		0.00178796541619002
    2.22981725609662		2.48687943413474e-05		0.00102105213989737		0.00178790869179812
    2.22982357969173		2.48682487488723e-05		0.00102101915061491		0.00178785143555741
    2.22982994814485		2.48676978418993e-05		0.00102098585391735		0.00178779364460336
    2.22983636147346		2.48671415882032e-05		0.00102095224815653		0.00178773531605064
    2.22984281969508		2.48665799553234e-05		0.00102091833167252		0.00178767644699331
    2.22984932282719		2.48660129105627e-05		0.00102088410279357		0.00178761703450467
    2.22985587088733		2.48654404209871e-05		0.00102084955983605		0.00178755707563728
    2.22986246389301		2.48648624534252e-05		0.00102081470110446		0.00178749656742284
    2.22986910186175		2.4864278974468e-05		0.00102077952489141		0.00178743550687229
    2.22987578481111		2.4863689950469e-05		0.00102074402947766		0.00178737389097575
    2.22988251275862		2.48630953475426e-05		0.00102070821313201		0.00178731171670241
    2.22988928572185		2.48624951315656e-05		0.00102067207411137		0.00178724898100065
    2.22989610371834		2.48618892681747e-05		0.00102063561066069		0.00178718568079786
    2.22990296676569		2.48612777227673e-05		0.00102059882101293		0.00178712181300047
    2.22990987488146		2.48606604605019e-05		0.00102056170338917		0.00178705737449405
    2.22991682808324		2.48600374462958e-05		0.00102052425599843		0.00178699236214306
    2.22992382638863		2.48594086448261e-05		0.00102048647703774		0.001786926772791
    2.22993086981523		2.48587740205294e-05		0.00102044836469217		0.00178686060326033
    2.22993795838066		2.48581335376e-05		0.00102040991713466		0.00178679385035235
    2.22994509210254		2.48574871599914e-05		0.00102037113252621		0.00178672651084737
    2.22995227099849		2.48568348514147e-05		0.0010203320090157		0.00178665858150451
    2.22995949508616		2.48561765753382e-05		0.00102029254473994		0.00178659005906172
    2.22996676438318		2.48555122949883e-05		0.0010202527378237		0.00178652094023587
    2.22997407890722		2.48548419733471e-05		0.00102021258637957		0.00178645122172251
    2.22998143867592		2.48541655731534e-05		0.00102017208850805		0.00178638090019598
    2.22998884370697		2.48534830569026e-05		0.00102013124229757		0.00178630997230945
    2.22999629401804		2.48527943868446e-05		0.00102009004582429		0.00178623843469466
    2.23000378962682		2.48520995249858e-05		0.00102004849715232		0.0017861662839622
    2.23001133055101		2.48513984330862e-05		0.00102000659433352		0.00178609351670119
    2.23001891680829		2.4850691072661e-05		0.00101996433540759		0.00178602012947946
     2.2300265484164		2.48499774049789e-05		0.00101992171840199		0.00178594611884341
    2.23003422539304		2.48492573910628e-05		0.00101987874133198		0.00178587148131804
    2.23004194775595		2.48485309916886e-05		0.0010198354022006		0.00178579621340695
    2.23004971552285		2.48477981673843e-05		0.00101979169899855		0.00178572031159213
     2.2300575287115		2.48470588784321e-05		0.00101974762970441		0.00178564377233431
    2.23006538733965		2.4846313084864e-05		0.00101970319228431		0.00178556659207242
    2.23007329142505		2.4845560746465e-05		0.00101965838469217		0.00178548876722401
    2.23008124098549		2.48448018227717e-05		0.00101961320486963		0.00178541029418512
    2.23008923603873		2.484403627307e-05		0.00101956765074588		0.00178533116932995
    2.23009727660256		2.48432640563975e-05		0.00101952172023788		0.00178525138901128
    2.23010536269477		2.48424851315413e-05		0.00101947541125017		0.00178517094956015
    2.23011349433317		2.48416994570377e-05		0.00101942872167492		0.00178508984728588
    2.23012167153558		2.48409069911732e-05		0.00101938164939194		0.0017850080784762
    2.23012989431979		2.48401076919818e-05		0.00101933419226859		0.00178492563939697
    2.23013816270366		2.4839301517247e-05		0.00101928634815985		0.00178484252629238
      2.230146476705		2.48384884244991e-05		0.0010192381149082		0.00178475873538475
    2.23015483634166		2.48376683710168e-05		0.00101918949034375		0.00178467426287466
    2.23016324163151		2.48368413138256e-05		0.0010191404722841		0.00178458910494081
    2.23017169259239		2.4836007209697e-05		0.00101909105853433		0.00178450325773997
    2.23018018924217		2.48351660151499e-05		0.0010190412468871		0.00178441671740714
    2.23018873159874		2.48343176864479e-05		0.00101899103512248		0.00178432948005525
    2.23019731967999		2.48334621796009e-05		0.00101894042100809		0.00178424154177543
    2.23020595350379		2.4832599450363e-05		0.00101888940229892		0.00178415289863667
    2.23021463308806		2.48317294542328e-05		0.00101883797673744		0.00178406354668603
     2.2302233584507		2.48308521464538e-05		0.00101878614205357		0.00178397348194858
    2.23023212960964		2.48299674820125e-05		0.00101873389596463		0.00178388270042728
    2.23024094658281		2.48290754156387e-05		0.00101868123617528		0.00178379119810299
    2.23024980938813		2.48281759018047e-05		0.00101862816037762		0.00178369897093444
    2.23025871804356		2.4827268894726e-05		0.00101857466625109		0.0017836060148583
    2.23026767256704		2.48263543483587e-05		0.00101852075146244		0.00178351232578893
    2.23027667297654		2.48254322164016e-05		0.00101846641366583		0.00178341789961864
    2.23028571929003		2.48245024522937e-05		0.00101841165050269		0.00178332273221743
    2.23029481152548		2.48235650092145e-05		0.0010183564596017		0.00178322681943303
    2.23030394970088		2.48226198400846e-05		0.00101830083857895		0.00178313015709097
    2.23031313383423		2.48216668975635e-05		0.00101824478503771		0.00178303274099445
    2.23032236394352		2.48207061340493e-05		0.00101818829656849		0.00178293456692422
    2.23033164004677		2.481973750168e-05		0.00101813137074909		0.00178283563063882
    2.23034096216201		2.48187609523315e-05		0.00101807400514451		0.00178273592787433
    2.23035033030724		2.48177764376172e-05		0.00101801619730695		0.00178263545434439
    2.23035974450053		2.48167839088881e-05		0.00101795794477581		0.00178253420574024
     2.2303692047599		2.48157833172325e-05		0.00101789924507768		0.00178243217773064
    2.23037871110342		2.48147746134744e-05		0.00101784009572627		0.00178232936596181
    2.23038826354914		2.48137577481746e-05		0.00101778049422248		0.00178222576605751
    2.23039786211514		2.48127326716288e-05		0.0010177204380543		0.00178212137361886
    2.23040750681948		2.48116993338679e-05		0.00101765992469684		0.00178201618422445
    2.23041719768027		2.48106576846573e-05		0.0010175989516123		0.00178191019343021
     2.2304269347156		2.48096076734974e-05		0.00101753751625003		0.00178180339676954
    2.23043671794357		2.48085492496209e-05		0.00101747561604634		0.00178169578975306
    2.23044654738229		2.48074823619946e-05		0.00101741324842467		0.00178158736786875
    2.23045642304989		2.48064069593175e-05		0.00101735041079544		0.00178147812658181
    2.23046634496449		2.48053229900211e-05		0.00101728710055611		0.00178136806133476
    2.23047631314423		2.48042304022681e-05		0.00101722331509113		0.00178125716754728
    2.23048632760727		2.48031291439536e-05		0.00101715905177199		0.00178114544061632
    2.23049638837175		2.48020191627019e-05		0.00101709430795704		0.00178103287591587
    2.23050649545583		2.48009004058689e-05		0.0010170290809917		0.0017809194687972
    2.23051664887769		2.47997728205398e-05		0.00101696336820827		0.00178080521458862
    2.23052684865552		2.47986363535282e-05		0.00101689716692593		0.00178069010859544
    2.23053709480749		2.47974909513783e-05		0.00101683047445089		0.0017805741461002
    2.23054738735181		2.47963365603609e-05		0.00101676328807611		0.00178045732236229
    2.23055772630668		2.4795173126476e-05		0.00101669560508154		0.00178033963261826
    2.23056811169032		2.4794000595449e-05		0.00101662742273386		0.00178022107208142
    2.23057854352095		2.47928189127346e-05		0.00101655873828675		0.00178010163594226
    2.23058902181679		2.47916280235114e-05		0.00101648954898057		0.00177998131936796
    2.23059954659611		2.47904278726856e-05		0.0010164198520426		0.00177986011750277
    2.23061011787713		2.47892184048876e-05		0.00101634964468685		0.00177973802546768
    2.23062073567811		2.47879995644725e-05		0.00101627892411409		0.00177961503836048
    2.23063140001733		2.47867712955206e-05		0.00101620768751194		0.00177949115125589
    2.23064211091306		2.4785533541835e-05		0.00101613593205467		0.00177936635920529
    2.23065286838357		2.47842862469423e-05		0.00101606365490333		0.00177924065723682
    2.23066367244717		2.47830293540922e-05		0.0010159908532057		0.0017791140403554
    2.23067452312215		2.47817628062555e-05		0.00101591752409617		0.00177898650354249
    2.23068542042682		2.47804865461256e-05		0.0010158436646959		0.00177885804175633
    2.23069636437949		2.4779200516117e-05		0.00101576927211269		0.00177872864993177
    2.23070735499849		2.47779046583641e-05		0.00101569434344096		0.00177859832298021
    2.23071839230216		2.4776598914722e-05		0.00101561887576179		0.00177846705578966
    2.23072947630884		2.47752832267653e-05		0.00101554286614289		0.0017783348432247
    2.23074060703687		2.47739575357871e-05		0.00101546631163853		0.00177820168012634
    2.23075178450463		2.4772621782799e-05		0.00101538920928956		0.0017780675613121
    2.23076300873047		2.4771275908531e-05		0.00101531155612344		0.00177793248157598
    2.23077427973278		2.47699198534298e-05		0.00101523334915414		0.00177779643568839
    2.23078559752993		2.47685535576596e-05		0.00101515458538219		0.00177765941839616
    2.23079696214033		2.47671769611003e-05		0.00101507526179463		0.00177752142442245
    2.23080837358238		2.47657900033479e-05		0.001014995375365		0.0017773824484668
    2.23081983187449		2.47643926237134e-05		0.00101491492305332		0.00177724248520504
    2.23083133703507		2.4762984761222e-05		0.00101483390180606		0.00177710152928923
    2.23084288908256		2.47615663546135e-05		0.00101475230855619		0.00177695957534777
    2.23085448803539		2.47601373423411e-05		0.00101467014022308		0.00177681661798526
    2.23086613391202		2.47586976625708e-05		0.00101458739371253		0.00177667265178247
    2.23087782673088		2.47572472531806e-05		0.00101450406591672		0.00177652767129631
    2.23088956651046		2.47557860517612e-05		0.00101442015371427		0.00177638167105994
    2.23090135326921		2.47543139956129e-05		0.00101433565397007		0.00177623464558241
    2.23091318702563		2.4752831021749e-05		0.00101425056353552		0.00177608658934915
    2.23092506779819		2.47513370668905e-05		0.0010141648792482		0.00177593749682138
     2.2309369956054		2.47498320674692e-05		0.00101407859793208		0.00177578736243645
    2.23094897046576		2.47483159596257e-05		0.00101399171639745		0.00177563618060771
    2.23096099239778		2.47467886792079e-05		0.00101390423144082		0.00177548394572438
       2.23097306142		2.47452501617728e-05		0.00101381613984504		0.00177533065215173
    2.23098517755094		2.47437003425839e-05		0.00101372743837918		0.00177517629423087
    2.23099734080915		2.47421391566113e-05		0.00101363812379857		0.00177502086627882
    2.23100955121317		2.47405665385305e-05		0.0010135481928447		0.00177486436258835
    2.23102180878156		2.47389824227233e-05		0.00101345764224533		0.00177470677742815
    2.23103411353289		2.47373867432757e-05		0.00101336646871439		0.00177454810504267
    2.23104646548574		2.47357794339777e-05		0.00101327466895194		0.00177438833965206
    2.23105886465868		2.4734160428323e-05		0.00101318223964424		0.00177422747545224
    2.23107131107032		2.47325296595089e-05		0.0010130891774637		0.00177406550661489
    2.23108380473925		2.47308870604333e-05		0.00101299547906875		0.00177390242728717
    2.23109634568409		2.47292325636977e-05		0.00101290114110406		0.00177373823159211
    2.23110893392344		2.47275661016031e-05		0.00101280616020026		0.00177357291362813
    2.23112156947595		2.47258876061523e-05		0.00101271053297414		0.0017734064674694
    2.23113425236025		2.47241970090469e-05		0.00101261425602851		0.00177323888716554
    2.23114698259499		2.47224942416881e-05		0.00101251732595219		0.00177307016674172
    2.23115976019881		2.47207792351756e-05		0.00101241973932005		0.00177290030019858
    2.23117258519038		2.47190519203071e-05		0.00101232149269295		0.00177272928151223
    2.23118545758837		2.47173122275775e-05		0.00101222258261775		0.00177255710463422
    2.23119837741146		2.47155600871788e-05		0.00101212300562727		0.00177238376349152
    2.23121134467835		2.47137954289981e-05		0.00101202275824025		0.0017722092519864
    2.23122435940773		2.47120181826185e-05		0.00101192183696139		0.00177203356399648
    2.23123742161829		2.47102282773176e-05		0.00101182023828131		0.00177185669337475
    2.23125053132878		2.47084256420677e-05		0.00101171795867655		0.00177167863394947
    2.23126368855789		2.47066102055333e-05		0.00101161499460947		0.00177149937952405
    2.23127689332437		2.47047818960727e-05		0.00101151134252835		0.00177131892387726
    2.23129014564697		2.47029406417359e-05		0.00101140699886731		0.00177113726076295
    2.23130344554442		2.47010863702642e-05		0.00101130196004627		0.00177095438391019
    2.23131679303549		2.46992190090899e-05		0.00101119622247101		0.00177077028702315
    2.23133018813895		2.46973384853353e-05		0.00101108978253308		0.00177058496378111
    2.23134363087357		2.46954447258119e-05		0.00101098263660981		0.00177039840783841
    2.23135712125813		2.46935376570202e-05		0.00101087478106428		0.00177021061282441
    2.23137065931144		2.46916172051487e-05		0.00101076621224536		0.00177002157234353
     2.2313842450523		2.46896832960731e-05		0.00101065692648759		0.0017698312799751
    2.23139787849952		2.4687735855356e-05		0.00101054692011127		0.00176963972927345
    2.23141155967191		2.46857748082461e-05		0.00101043618942241		0.00176944691376785
    2.23142528858831		2.46838000796769e-05		0.00101032473071261		0.00176925282696235
    2.23143906526755		2.46818115942665e-05		0.00101021254025918		0.00176905746233593
    2.23145288972849		2.4679809276318e-05		0.00101009961432513		0.00176886081334243
    2.23146676198998		2.46777930498164e-05		0.00100998594915902		0.00176866287341043
    2.23148068207089		2.46757628384296e-05		0.00100987154099503		0.00176846363594326
    2.23149464999008		2.46737185655075e-05		0.00100975638605294		0.00176826309431903
    2.23150866576644		2.46716601540806e-05		0.00100964048053809		0.0017680612418905
    2.23152272941886		2.46695875268603e-05		0.00100952382064143		0.00176785807198519
    2.23153684096624		2.46675006062367e-05		0.00100940640253934		0.00176765357790511
    2.23155100042749		2.466539931428e-05		0.00100928822239383		0.00176744775292705
    2.23156520782153		2.4663283572738e-05		0.00100916927635239		0.00176724059030233
    2.23157946316729		2.46611533030353e-05		0.00100904956054795		0.00176703208325673
     2.2315937664837		2.46590084262741e-05		0.00100892907109892		0.00176682222499063
     2.2316081177897		2.46568488632318e-05		0.00100880780410919		0.00176661100867887
    2.23162251710425		2.46546745343623e-05		0.00100868575566811		0.00176639842747085
     2.2316369644463		2.46524853597919e-05		0.00100856292185035		0.00176618447449018
    2.23165145983485		2.46502812593226e-05		0.00100843929871609		0.00176596914283509
    2.23166600328885		2.46480621524278e-05		0.00100831488231078		0.00176575242557799
     2.2316805948273		2.46458279582539e-05		0.00100818966866532		0.00176553431576575
     2.2316952344692		2.46435785956186e-05		0.00100806365379592		0.00176531480641948
    2.23170992223355		2.46413139830107e-05		0.00100793683370416		0.00176509389053466
    2.23172465813937		2.46390340385877e-05		0.00100780920437685		0.00176487156108084
    2.23173944220569		2.46367386801772e-05		0.00100768076178617		0.00176464781100192
    2.23175427445153		2.46344278252746e-05		0.00100755150188952		0.00176442263321587
    2.23176915489595		2.46321013910431e-05		0.0010074214206296		0.00176419602061491
    2.23178408355798		2.46297592943131e-05		0.00100729051393435		0.00176396796606537
     2.2317990604567		2.46274014515795e-05		0.00100715877771687		0.00176373846240752
    2.23181408561116		2.4625027779004e-05		0.00100702620787554		0.00176350750245586
    2.23182915904046		2.46226381924122e-05		0.00100689280029394		0.00176327507899888
    2.23184428076367		2.46202326072923e-05		0.00100675855084069		0.00176304118479889
    2.23185945079989		2.46178109387965e-05		0.00100662345536971		0.00176280581259239
    2.23187466916822		2.46153731017384e-05		0.00100648750971998		0.00176256895508968
    2.23188993588779		2.46129190105926e-05		0.0010063507097156		0.00176233060497496
     2.2319052509777		2.46104485794946e-05		0.0010062130511658		0.00176209075490636
     2.2319206144571		2.46079617222379e-05		0.0010060745298648		0.00176184939751568
    2.23193602634512		2.46054583522774e-05		0.00100593514159207		0.00176160652540883
    2.23195148666092		2.46029383827233e-05		0.00100579488211194		0.00176136213116522
    2.23196699542365		2.46004017263427e-05		0.00100565374717376		0.00176111620733795
    2.23198255265248		2.45978482955609e-05		0.00100551173251205		0.00176086874645407
    2.23199815836658		2.45952780024576e-05		0.00100536883384624		0.00176061974101425
    2.23201381258515		2.45926907587663e-05		0.0010052250468807		0.00176036918349267
    2.23202951532737		2.45900864758741e-05		0.00100508036730474		0.00176011706633716
    2.23204526661245		2.45874650648221e-05		0.00100493479079272		0.00175986338196925
     2.2320610664596		2.45848264363017e-05		0.00100478831300379		0.00175960812278385
    2.23207691488805		2.45821705006559e-05		0.00100464092958204		0.00175935128114945
    2.23209281191702		2.4579497167879e-05		0.00100449263615654		0.00175909284940819
    2.23210875756575		2.45768063476128e-05		0.00100434342834108		0.00175883281987538
     2.2321247518535		2.45740979491481e-05		0.00100419330173437		0.00175857118483992
    2.23214079479951		2.45713718814238e-05		0.00100404225191996		0.0017583079365641
    2.23215688642306		2.45686280530244e-05		0.00100389027446618		0.00175804306728348
    2.23217302674343		2.45658663721806e-05		0.00100373736492614		0.00175777656920699
    2.23218921577988		2.45630867467682e-05		0.00100358351883778		0.0017575084345169
    2.23220545355173		2.45602890843064e-05		0.00100342873172375		0.00175723865536868
    2.23222174007827		2.45574732919574e-05		0.00100327299909144		0.00175696722389102
    2.23223807537881		2.45546392765261e-05		0.00100311631643299		0.00175669413218587
    2.23225445947268		2.45517869444575e-05		0.0010029586792252		0.00175641937232825
     2.2322708923792		2.45489162018378e-05		0.00100280008292959		0.00175614293636641
    2.23228737411772		2.45460269543923e-05		0.00100264052299234		0.00175586481632166
    2.23230390470758		2.45431191074842e-05		0.00100247999484425		0.00175558500418836
    2.23232048416813		2.45401925661146e-05		0.00100231849390077		0.00175530349193391
    2.23233711251875		2.45372472349203e-05		0.00100215601556193		0.00175502027149866
    2.23235378977881		2.45342830181755e-05		0.00100199255521245		0.00175473533479612
     2.2323705159677		2.45312998197873e-05		0.00100182810822151		0.00175444867371256
     2.2323872911048		2.45282975432959e-05		0.00100166266994284		0.0017541602801071
    2.23240411520952		2.4525276091876e-05		0.0010014962357148		0.00175387014581191
    2.23242098830127		2.45222353683332e-05		0.00100132880086022		0.00175357826263193
    2.23243791039948		2.45191752751032e-05		0.0010011603606864		0.00175328462234485
    2.23245488152356		2.45160957142526e-05		0.00100099091048518		0.00175298921670123
    2.23247190169297		2.4512996587476e-05		0.00100082044553284		0.00175269203742433
    2.23248897092714		2.45098777960956e-05		0.00100064896109007		0.00175239307621006
    2.23250608924554		2.4506739241061e-05		0.00100047645240203		0.00175209232472709
    2.23252325666763		2.45035808229475e-05		0.0010003029146983		0.00175178977461676
    2.23254047321289		2.45004024419547e-05		0.00100012834319278		0.00175148541749289
     2.2325577389008		2.44972039979059e-05		0.000999952733083773		0.00175117924494195
    2.23257505375085		2.44939853902476e-05		0.000999776079553949		0.00175087124852296
    2.23259241778255		2.44907465180485e-05		0.000999598377770345		0.00175056141976752
    2.23260983101541		2.44874872799968e-05		0.000999419622884227		0.00175024975017957
    2.23262729346895		2.4484207574401e-05		0.000999239810031211		0.00174993623123558
     2.2326448051627		2.44809072991888e-05		0.00099905893433121		0.00174962085438448
     2.2326623661162		2.44775863519039e-05		0.000998876990888314		0.00174930361104743
      2.232679976349		2.44742446297079e-05		0.000998693974790918		0.00174898449261805
    2.23269763588066		2.4470882029378e-05		0.00099850988111166		0.00174866349046231
    2.23271534473073		2.44674984473048e-05		0.000998324704907313		0.00174834059591836
    2.23273310291881		2.44640937794928e-05		0.000998138441218857		0.00174801580029662
    2.23275091046447		2.44606679215589e-05		0.000997951085071465		0.00174768909487978
     2.2327687673873		2.44572207687312e-05		0.000997762631474439		0.00174736047092269
    2.23278667370692		2.44537522158473e-05		0.000997573075421168		0.00174702991965226
    2.23280462944293		2.44502621573548e-05		0.000997382411889217		0.00174669743226766
    2.23282263461496		2.4446750487309e-05		0.000997190635840222		0.00174636299994008
    2.23284068924264		2.44432170993712e-05		0.000996997742219837		0.00174602661381269
     2.2328587933456		2.443966188681e-05		0.000996803725957867		0.00174568826500084
     2.2328769469435		2.44360847424967e-05		0.000996608581968021		0.00174534794459163
      2.232895150056		2.44324855589074e-05		0.000996412305148112		0.00174500564364426
    2.23291340270276		2.44288642281214e-05		0.00099621489038001		0.00174466135318999
    2.23293170490346		2.44252206418168e-05		0.000996016332529368		0.00174431506423157
    2.23295005667779		2.44215546912739e-05		0.000995816626445965		0.00174396676774394
    2.23296845804544		2.44178662673705e-05		0.000995615766963404		0.00174361645467362
    2.23298690902612		2.44141552605844e-05		0.000995413748899354		0.00174326411593918
    2.23300540963954		2.44104215609874e-05		0.000995210567055213		0.00174290974243065
    2.23302395990543		2.44066650582487e-05		0.000995006216216376		0.00174255332500995
    2.23304255984351		2.44028856416309e-05		0.000994800691152036		0.0017421948545106
    2.23306120947354		2.43990831999909e-05		0.000994593986615313		0.00174183432173787
    2.23307990881525		2.4395257621776e-05		0.000994386097343039		0.00174147171746849
    2.23309865788842		2.4391408795026e-05		0.000994177018055956		0.00174110703245092
    2.23311745671281		2.43875366073687e-05		0.000993966743458486		0.00174074025740499
     2.2331363053082		2.43836409460215e-05		0.000993755268238913		0.00174037138302221
    2.23315520369437		2.4379721697788e-05		0.000993542587069178		0.00174000039996542
    2.23317415189113		2.43757787490593e-05		0.000993328694605057		0.00173962729886905
    2.23319314991828		2.437181198581e-05		0.000993113585485944		0.00173925207033882
    2.23321219779564		2.43678212935991e-05		0.000992897254334997		0.00173887470495194
    2.23323129554304		2.43638065575666e-05		0.000992679695758924		0.00173849519325674
     2.2332504431803		2.43597676624352e-05		0.000992460904348219		0.00173811352577311
    2.23326964072728		2.43557044925065e-05		0.00099224087467693		0.00173772969299206
    2.23328888820382		2.43516169316613e-05		0.000992019601302767		0.00173734368537592
    2.23330818562978		2.4347504863357e-05		0.00099179707876696		0.00173695549335813
    2.23332753302505		2.43433681706278e-05		0.000991573301594387		0.00173656510734338
     2.2333469304095		2.4339206736082e-05		0.00099134826429342		0.00173617251770742
    2.23336637780302		2.43350204419024e-05		0.000991121961356035		0.00173577771479723
    2.23338587522551		2.43308091698431e-05		0.000990894387257659		0.00173538068893071
    2.23340542269689		2.43265728012293e-05		0.000990665536457216		0.00173498143039681
    2.23342502023706		2.43223112169562e-05		0.000990435403397141		0.00173457992945555
    2.23344466786596		2.43180242974877e-05		0.000990203982503352		0.00173417617633794
    2.23346436560352		2.43137119228537e-05		0.000989971268185117		0.00173377016124577
    2.23348411346969		2.43093739726504e-05		0.000989737254835188		0.00173336187435183
    2.23350391148443		2.43050103260382e-05		0.000989501936829677		0.00173295130579973
     2.2335237596677		2.43006208617415e-05		0.000989265308528155		0.001732538445704
    2.23354365803948		2.42962054580444e-05		0.000989027364273408		0.00173212328414975
    2.23356360661975		2.42917639927934e-05		0.000988788098391706		0.00173170581119308
    2.23358360542851		2.42872963433932e-05		0.000988547505192578		0.00173128601686068
    2.23360365448575		2.42828023868057e-05		0.000988305578968833		0.00173086389114994
    2.23362375381149		2.42782819995487e-05		0.000988062313996521		0.00173043942402878
    2.23364390342575		2.42737350576972e-05		0.000987817704535123		0.00173001260543606
    2.23366410334856		2.42691614368776e-05		0.00098757174482722		0.00172958342528096
    2.23368435359996		2.42645610122688e-05		0.00098732442909862		0.00172915187344324
    2.23370465420001		2.42599336585999e-05		0.000987075751558331		0.00172871793977313
    2.23372500516875		2.42552792501507e-05		0.000986825706398608		0.00172828161409148
    2.23374540652627		2.42505976607475e-05		0.0009865742877948		0.00172784288618945
    2.23376585829263		2.42458887637654e-05		0.000986321489905529		0.00172740174582882
    2.23378636048793		2.42411524321207e-05		0.000986067306872307		0.00172695818274136
    2.23380691313226		2.42363885382766e-05		0.000985811732819963		0.00172651218662953
    2.23382751624572		2.42315969542365e-05		0.000985554761856274		0.00172606374716586
    2.23384816984844		2.42267775515455e-05		0.000985296388072149		0.00172561285399327
    2.23386887396054		2.42219302012882e-05		0.000985036605541561		0.00172515949672493
    2.23388962860215		2.4217054774085e-05		0.000984775408321381		0.001724703664944
    2.23391043379342		2.42121511400952e-05		0.000984512790451656		0.0017242453482041
     2.2339312895545		2.42072191690116e-05		0.000984248745955335		0.00172378453602882
    2.23395219590555		2.42022587300596e-05		0.000983983268838264		0.00172332121791173
    2.23397315286675		2.41972696919971e-05		0.000983716353089304		0.00172285538331659
    2.23399416045827		2.41922519231119e-05		0.000983447992680207		0.00172238702167709
    2.23401521870032		2.41872052912222e-05		0.000983178181565739		0.00172191612239712
    2.23403632761308		2.4182129663672e-05		0.00098290691368345		0.00172144267485034
    2.23405748721678		2.41770249073288e-05		0.000982634182953599		0.00172096666838004
    2.23407869753162		2.41718908885896e-05		0.000982359983279687		0.00172048809230009
    2.23409995857784		2.41667274733688e-05		0.000982084308547628		0.00172000693589348
    2.23412127037568		2.41615345271045e-05		0.000981807152626375		0.00171952318841342
    2.23414263294539		2.4156311914754e-05		0.000981528509367609		0.00171903683908278
    2.23416404630722		2.4151059500792e-05		0.000981248372605758		0.00171854787709416
    2.23418551048144		2.41457771492098e-05		0.000980966736158009		0.00171805629160985
    2.23420702548833		2.41404647235128e-05		0.000980683593824241		0.00171756207176178
    2.23422859134817		2.41351220867205e-05		0.000980398939387088		0.00171706520665158
    2.23425020808126		2.41297491013618e-05		0.000980112766611725		0.00171656568535024
    2.23427187570791		2.4124345629479e-05		0.000979825069246243		0.00171606349689872
    2.23429359424842		2.41189115326197e-05		0.000979535841021166		0.00171555863030715
    2.23431536372314		2.41134466718396e-05		0.000979245075649742		0.00171505107455532
    2.23433718415237		2.41079509076967e-05		0.000978952766827644		0.00171454081859217
    2.23435905555648		2.41024241002562e-05		0.000978658908233374		0.00171402785133646
    2.23438097795582		2.40968661090822e-05		0.000978363493527847		0.00171351216167607
    2.23440295137074		2.40912767932395e-05		0.000978066516354529		0.00171299373846826
    2.23442497582162		2.40856560112916e-05		0.000977767970339459		0.00171247257053966
    2.23444705132884		2.40800036212974e-05		0.000977467849091094		0.00171194864668604
    2.23446917791279		2.40743194808114e-05		0.000977166146200403		0.00171142195567244
    2.23449135559387		2.40686034468824e-05		0.000976862855240908		0.00171089248623327
     2.2345135843925		2.40628553760476e-05		0.000976557969768362		0.00171036022707173
    2.23453586432909		2.40570751243367e-05		0.000976251483321116		0.00170982516686047
    2.23455819542407		2.40512625472663e-05		0.000975943389419853		0.00170928729424108
    2.23458057769789		2.40454174998393e-05		0.000975633681567626		0.00170874659782422
    2.23460301117098		2.40395398365416e-05		0.000975322353249769		0.00170820306618941
    2.23462549586381		2.4033629411345e-05		0.000975009397934142		0.00170765668788549
    2.23464803179685		2.40276860776989e-05		0.000974694809070716		0.00170710745142985
    2.23467061899058		2.40217096885351e-05		0.000974378580091964		0.00170655534530919
    2.23469325746547		2.40157000962589e-05		0.000974060704412382		0.00170600035797862
    2.23471594724203		2.40096571527533e-05		0.000973741175428863		0.00170544247786232
    2.23473868834077		2.40035807093751e-05		0.000973419986520537		0.00170488169335327
    2.23476148078219		2.39974706169527e-05		0.000973097131048731		0.00170431799281319
    2.23478432458683		2.39913267257834e-05		0.000972772602356881		0.00170375136457238
    2.23480721977522		2.3985148885635e-05		0.000972446393770755		0.00170318179693009
    2.23483016636791		2.39789369457382e-05		0.000972118498598032		0.0017026092781538
    2.23485316438545		2.39726907547922e-05		0.000971788910128798		0.0017020337964801
     2.2348762138484		2.39664101609556e-05		0.000971457621635023		0.00170145534011374
    2.23489931477734		2.39600950118487e-05		0.000971124626370838		0.00170087389722814
    2.23492246719285		2.39537451545507e-05		0.000970789917572435		0.00170028945596522
    2.23494567111552		2.39473604355985e-05		0.000970453488458125		0.00169970200443547
    2.23496892656597		2.39409407009822e-05		0.000970115332228107		0.00169911153071757
    2.23499223356479		2.39344857961466e-05		0.000969775442064701		0.00169851802285881
    2.23501559213261		2.39279955659845e-05		0.000969433811131994		0.00169792146887441
    2.23503900229007		2.39214698548425e-05		0.000969090432576347		0.00169732185674851
     2.2350624640578		2.39149085065115e-05		0.000968745299525875		0.00169671917443313
    2.23508597745646		2.39083113642279e-05		0.000968398405090625		0.0016961134098486
    2.23510954250671		2.39016782706708e-05		0.000968049742362494		0.00169550455088334
    2.23513315922922		2.38950090679615e-05		0.00096769930441533		0.00169489258539406
    2.23515682764466		2.38883035976611e-05		0.000967347084304883		0.00169427750120569
    2.23518054777373		2.38815617007665e-05		0.000966993075068631		0.00169365928611105
    2.23520431963713		2.38747832177098e-05		0.000966637269725849		0.00169303792787097
    2.23522814325557		2.38679679883571e-05		0.000966279661277691		0.00169241341421447
    2.23525201864976		2.38611158520055e-05		0.000965920242707052		0.00169178573283847
    2.23527594584044		2.38542266473807e-05		0.000965559006978552		0.00169115487140777
    2.23529992484834		2.38473002126351e-05		0.000965195947038513		0.00169052081755506
    2.23532395569421		2.38403363853482e-05		0.000964831055815126		0.00168988355888113
    2.23534803839882		2.38333350025185e-05		0.000964464326217987		0.00168924308295414
    2.23537217298292		2.38262959005675e-05		0.000964095751138538		0.00168859937731032
    2.23539635946729		2.38192189153369e-05		0.000963725323449945		0.00168795242945381
    2.23542059787274		2.38121038820824e-05		0.000963353036006856		0.00168730222685621
    2.23544488822003		2.38049506354721e-05		0.000962978881645356		0.00168664875695648
       2.23546923053		2.37977590095915e-05		0.000962602853183492		0.00168599200716192
    2.23549362482345		2.37905288379329e-05		0.000962224943420626		0.00168533196484697
    2.23551807112121		2.3783259953397e-05		0.000961845145137704		0.00168466861735373
    2.23554256944411		2.37759521882899e-05		0.00096146345109717		0.00168400195199178
      2.235567119813		2.37686053743203e-05		0.000961079854042888		0.00168333195603805
    2.23559172224875		2.3761219342602e-05		0.000960694346700482		0.00168265861673742
     2.2356163767722		2.37537939236422e-05		0.0009603069217766		0.00168198192130143
    2.23564108340425		2.37463289473496e-05		0.000959917571959677		0.0016813018569096
    2.23566584216576		2.37388242430252e-05		0.000959526289919377		0.00168061841070849
    2.23569065307765		2.37312796393623e-05		0.000959133068306749		0.00167993156981193
     2.2357155161608		2.37236949644452e-05		0.00095873789975428		0.00167924132130113
    2.23574043143614		2.37160700457443e-05		0.00095834077687568		0.00167854765222429
     2.2357653989246		2.37084047101194e-05		0.000957941692266247		0.0016778505495973
     2.2357904186471		2.37006987838075e-05		0.000957540638502165		0.00167715000040241
    2.23581549062459		2.3692952092431e-05		0.000957137608141201		0.00167644599158952
    2.23584061487802		2.36851644609903e-05		0.000956732593722365		0.00167573851007558
    2.23586579142836		2.36773357138588e-05		0.000956325587765658		0.00167502754274412
    2.23589102029658		2.36694656747892e-05		0.000955916582772671		0.00167431307644631
    2.23591630150366		2.36615541668997e-05		0.000955505571225789		0.00167359509799957
     2.2359416350706		2.36536010126821e-05		0.000955092545588862		0.00167287359418875
     2.2359670210184		2.36456060339932e-05		0.000954677498306774		0.00167214855176536
    2.23599245936807		2.3637569052052e-05		0.000954260421805384		0.00167141995744748
    2.23601795014063		2.36294898874443e-05		0.000953841308492002		0.00167068779792058
    2.23604349335713		2.36213683601112e-05		0.00095342015075474		0.00166995205983639
    2.23606908903859		2.36132042893519e-05		0.000952996940962819		0.00166921272981344
    2.23609473720608		2.36049974938193e-05		0.000952571671466455		0.00166846979443685
    2.23612043788065		2.35967477915217e-05		0.000952144334597116		0.0016677232402588
    2.23614619108338		2.3588454999813e-05		0.000951714922666979		0.00166697305379754
    2.23617199683535		2.35801189353958e-05		0.000951283427969296		0.00166621922153808
    2.23619785515765		2.35717394143179e-05		0.000950849842778329		0.00166546172993202
    2.23622376607138		2.35633162519679e-05		0.000950414159349163		0.0016647005653973
    2.23624972959765		2.35548492630757e-05		0.000949976369917916		0.00166393571431846
    2.23627574575759		2.35463382617059e-05		0.000949536466701441		0.00166316716304622
    2.23630181457233		2.35377830612582e-05		0.000949094441897496		0.00166239489789772
    2.23632793606301		2.3529183474466e-05		0.000948650287684786		0.00166161890515661
    2.23635411025078		2.35205393133909e-05		0.000948203996222803		0.00166083917107275
    2.23638033715679		2.35118503894175e-05		0.000947755559651535		0.00166005568186175
    2.23640661680224		2.35031165132608e-05		0.000947304970092226		0.00165926842370622
    2.23643294920828		2.34943374949522e-05		0.000946852219646497		0.00165847738275432
    2.23645933439612		2.34855131438441e-05		0.000946397300396868		0.00165768254512061
    2.23648577238696		2.34766432686043e-05		0.000945940204406509		0.00165688389688563
      2.236512263202		2.34677276772148e-05		0.000945480923719336		0.00165608142409607
    2.23653880686248		2.34587661769685e-05		0.000945019450359936		0.00165527511276466
    2.23656540338961		2.34497585744617e-05		0.000944555776333231		0.00165446494886953
    2.23659205280464		2.34407046756027e-05		0.000944089893625187		0.0016536509183555
    2.23661875512882		2.34316042855987e-05		0.000943621794202157		0.00165283300713291
    2.23664551038341		2.34224572089579e-05		0.000943151470011123		0.00165201120107803
    2.23667231858968		2.34132632494833e-05		0.000942678912979464		0.00165118548603267
    2.23669917976892		2.34040222102749e-05		0.000942204115015272		0.00165035584780474
    2.23672609394241		2.33947338937245e-05		0.000941727068007184		0.00164952227216794
    2.23675306113146		2.33853981015088e-05		0.000941247763824036		0.00164868474486114
    2.23678008135737		2.33760146345935e-05		0.000940766194315353		0.00164784325158928
    2.23680715464147		2.33665832932267e-05		0.000940282351311065		0.00164699777802283
    2.23683428100509		2.33571038769362e-05		0.000939796226621462		0.00164614830979774
    2.23686146046956		2.3347576184527e-05		0.000939307812037232		0.00164529483251548
    2.23688869305624		2.33380000140788e-05		0.000938817099329465		0.00164443733174306
    2.23691597878649		2.33283751629427e-05		0.000938324080249576		0.00164357579301291
    2.23694331768168		2.33187014277402e-05		0.000937828746529416		0.00164271020182304
    2.23697070976319		2.33089786043544e-05		0.000937331089880889		0.0016418405436364
    2.23699815505241		2.32992064879354e-05		0.00093683110199645		0.00164096680388174
    2.23702565357075		2.32893848728892e-05		0.000936328774548543		0.00164008896795261
    2.23705320533961		2.32795135528821e-05		0.000935824099190094		0.00163920702120825
    2.23708081038041		2.32695923208313e-05		0.000935317067554047		0.00163832094897274
    2.23710846871459		2.32596209689067e-05		0.000934807671253649		0.00163743073653555
    2.23713618036359		2.32495992885257e-05		0.000934295901882308		0.00163653636915124
    2.23716394534886		2.32395270703501e-05		0.000933781751013535		0.0016356378320394
    2.23719176369186		2.32294041042826e-05		0.000933265210200927		0.00163473511038459
    2.23721963541405		2.32192301794656e-05		0.000932746270978235		0.00163382818933645
    2.23724756053694		2.32090050842776e-05		0.000932224924859332		0.0016329170540097
    2.23727553908199		2.31987286063261e-05		0.000931701163337909		0.00163200168948352
    2.23730357107072		2.31884005324549e-05		0.000931174977888152		0.00163108208080283
    2.23733165652464		2.31780206487226e-05		0.000930646359963494		0.00163015821297603
    2.23735979546527		2.3167588740425e-05		0.000930115300998299		0.00162923007097798
    2.23738798791413		2.31571045920661e-05		0.00092958179240611		0.00162829763974692
    2.23741623389279		2.31465679873713e-05		0.000929045825580718		0.00162736090418637
    2.23744453342277		2.31359787092791e-05		0.000928507391895823		0.00162641984916449
    2.23747288652566		2.31253365399387e-05		0.000927966482705013		0.00162547445951408
    2.23750129322301		2.31146412607056e-05		0.000927423089341729		0.00162452472003249
    2.23752975353642		2.31038926521396e-05		0.000926877203119267		0.00162357061548166
    2.23755826748747		2.30930904939995e-05		0.000926328815330658		0.00162261213058786
    2.23758683509776		2.30822345652426e-05		0.00092577791724882		0.001621649250042
    2.23761545638892		2.30713246440209e-05		0.000925224500126489		0.00162068195849949
    2.23764413138257		2.30603605076759e-05		0.000924668555196091		0.00161971024058
    2.23767286010033		2.30493419327336e-05		0.000924110073669583		0.00161873408086721
    2.23770164256384		2.3038268694908e-05		0.000923549046738917		0.00161775346390961
    2.23773047879478		2.30271405690947e-05		0.000922985465575799		0.00161676837422006
    2.23775936881479		2.30159573293624e-05		0.000922419321331325		0.00161577879627519
    2.23778831264555		2.30047187489518e-05		0.000921850605136093		0.00161478471451554
    2.23781731030874		2.29934246002815e-05		0.000921279308100854		0.00161378611334677
    2.23784636182607		2.29820746549308e-05		0.000920705421315518		0.00161278297713786
    2.23787546721922		2.29706686836432e-05		0.000920128935849616		0.00161177529022193
    2.23790462650993		2.29592064563237e-05		0.000919549842752339		0.00161076303689634
    2.23793383971991		2.29476877420314e-05		0.000918968133052233		0.00160974620142211
     2.2379631068709		2.2936112308984e-05		0.000918383797757728		0.00160872476802488
    2.23799242798463		2.29244799245393e-05		0.000917796827856108		0.0016076987208931
    2.23802180308288		2.29127903552079e-05		0.000917207214314579		0.00160666804417988
     2.2380512321874		2.29010433666411e-05		0.000916614948079653		0.00160563272200192
    2.23808071531997		2.2889238723626e-05		0.000916020020077076		0.00160459273843939
    2.23811025250237		2.28773761900896e-05		0.000915422421212284		0.00160354807753673
    2.23813984375641		2.28654555290862e-05		0.000914822142369812		0.00160249872330162
    2.23816948910388		2.28534765027987e-05		0.000914219174413558		0.00160144465970539
     2.2381991885666		2.28414388725357e-05		0.000913613508186864		0.00160038587068325
    2.23822894216641		2.28293423987246e-05		0.000913005134512234		0.00159932234013372
    2.23825874992514		2.281718684091e-05		0.000912394044191464		0.00159825405191887
    2.23828861186463		2.28049719577484e-05		0.000911780228005519		0.00159718098986415
    2.23831852800674		2.2792697507006e-05		0.000911163676714621		0.0015961031377585
    2.23834849837335		2.27803632455569e-05		0.000910544381058338		0.0015950204793545
    2.23837852298632		2.2767968929373e-05		0.000909922331755135		0.00159393299836761
    2.23840860186756		2.27555143135266e-05		0.000909297519502794		0.0015928406784769
    2.23843873503894		2.27429991521822e-05		0.000908669934978106		0.00159174350332451
     2.2384689225224		2.27304231985972e-05		0.000908039568837115		0.00159064145651604
    2.23849916433983		2.27177862051115e-05		0.000907406411714693		0.00158953452161987
    2.23852946051318		2.27050879231505e-05		0.000906770454224954		0.00158842268216781
    2.23855981106439		2.26923281032167e-05		0.000906131686960942		0.00158730592165465
     2.2385902160154		2.26795064948899e-05		0.000905490100494872		0.00158618422353846
    2.23862067538817		2.26666228468153e-05		0.00090484568537759		0.00158505757123975
    2.23865118920468		2.26536769067095e-05		0.000904198432139189		0.00158392594814248
     2.2386817574869		2.26406684213478e-05		0.000903548331288432		0.00158278933759311
    2.23871238025683		2.26275971365693e-05		0.000902895373313323		0.00158164772290152
    2.23874305753646		2.26144627972635e-05		0.000902239548680438		0.0015805010873399
    2.23877378934782		2.26012651473738e-05		0.000901580847835454		0.00157934941414367
    2.23880457571292		2.2588003929885e-05		0.000900919261202501		0.00157819268651031
     2.2388354166538		2.25746788868319e-05		0.000900254779185031		0.00157703088760091
    2.23886631219249		2.25612897592806e-05		0.000899587392164794		0.00157586400053837
    2.23889726235106		2.25478362873367e-05		0.000898917090502664		0.00157469200840884
    2.23892826715156		2.25343182101316e-05		0.000898243864537934		0.00157351489426049
    2.23895932661607		2.25207352658259e-05		0.000897567704588841		0.00157233264110443
    2.23899044076667		2.25070871916005e-05		0.000896888600952199		0.00157114523191405
    2.23902160962546		2.24933737236537e-05		0.00089620654390349		0.00156995264962522
    2.23905283321455		2.24795945971984e-05		0.000895521523696894		0.00156875487713629
    2.23908411155604		2.24657495464551e-05		0.00089483353056513		0.00156755189730784
    2.23911544467207		2.24518383046468e-05		0.000894142554719342		0.00156634369296248
    2.23914683258477		2.24378606040069e-05		0.000893448586349887		0.00156513024688621
    2.23917827531628		2.24238161757496e-05		0.000892751615624665		0.00156391154182552
    2.23920977288877		2.24097047500928e-05		0.000892051632690868		0.00156268756049045
     2.2392413253244		2.23955260562378e-05		0.000891348627673904		0.00156145828555266
    2.23927293264535		2.23812798223686e-05		0.000890642590677635		0.00156022369964593
    2.23930459487381		2.23669657756503e-05		0.000889933511784531		0.00155898378536633
    2.23933631203197		2.23525836422181e-05		0.000889221381055189		0.00155773852527146
    2.23936808414205		2.2338133147178e-05		0.000888506188528689		0.00155648790188104
    2.23939991122626		2.2323614014605e-05		0.000887787924222714		0.00155523189767709
    2.23943179330683		2.23090259675299e-05		0.000887066578132979		0.00155397049510299
    2.23946373040601		2.22943687279426e-05		0.000886342140233686		0.00155270367656422
    2.23949572254605		2.22796420167852e-05		0.000885614600477387		0.00155143142442816
     2.2395277697492		2.22648455539421e-05		0.00088488394879456		0.00155015372102333
    2.23955987203773		2.22499790582482e-05		0.000884150175094486		0.00154887054864091
    2.23959202943394		2.22350422474667e-05		0.000883413269264009		0.00154758188953259
    2.23962424196011		2.22200348383023e-05		0.000882673221168733		0.00154628772591266
    2.23965650963854		2.22049565463857e-05		0.00088193002065225		0.00154498803995667
    2.23968883249155		2.21898070862684e-05		0.000881183657536089		0.00154368281380129
    2.23972121054146		2.21745861714237e-05		0.000880434121620098		0.00154237202954504
    2.23975364381061		2.21592935142381e-05		0.000879681402682116		0.00154105566924768
    2.23978613232134		2.2143928826014e-05		0.000878925490478471		0.0015397337149311
      2.239818676096		2.21284918169479e-05		0.000878166374742833		0.00153840614857727
    2.23985127515697		2.21129821961416e-05		0.000877404045187233		0.00153707295213009
    2.23988392952661		2.20973996715944e-05		0.000876638491501858		0.00153573410749498
    2.23991663922732		2.20817439501935e-05		0.000875869703354681		0.00153438959653823
    2.23994940428149		2.20660147377121e-05		0.000875097670391674		0.0015330394010874
    2.23998222471153		2.20502117388018e-05		0.000874322382236587		0.00153168350293093
    2.24001510053986		2.20343346569945e-05		0.000873543828491371		0.00153032188381884
     2.2400480317889		2.2018383194686e-05		0.0008727619987354		0.00152895452546142
    2.24008101848111		2.20023570531456e-05		0.000871976882526413		0.00152758140953086
    2.24011406063891		2.19862559324973e-05		0.00087118846939956		0.00152620251765954
    2.24014715828478		2.19700795317236e-05		0.00087039674886799		0.00152481783144112
    2.24018031144119		2.19538275486555e-05		0.000869601710422493		0.00152342733242988
    2.24021352013061		2.19374996799748e-05		0.000868803343531932		0.00152203100214147
    2.24024678437555		2.19210956211954e-05		0.000868001637642365		0.00152062882205139
    2.24028010419849		2.19046150666718e-05		0.000867196582177873		0.00151922077359643
    2.24031347962196		2.1888057709588e-05		0.00086638816654019		0.00151780683817402
    2.24034691066848		2.18714232419511e-05		0.000865576380108579		0.001516386997142
    2.24038039736059		2.18547113545928e-05		0.000864761212240214		0.00151496123181932
    2.24041393972082		2.18379217371513e-05		0.000863942652269375		0.00151352952348461
    2.24044753777173		2.18210540780803e-05		0.000863120689508315		0.00151209185337769
    2.24048119153589		2.1804108064636e-05		0.000862295313246731		0.00151064820269866
    2.24051490103587		2.17870833828688e-05		0.000861466512751565		0.00150919855260753
    2.24054866629427		2.17699797176309e-05		0.000860634277267803		0.00150774288422564
    2.24058248733368		2.17527967525547e-05		0.000859798596017404		0.00150628117863377
     2.2406163641767		2.17355341700584e-05		0.000858959458199982		0.00150481341687333
    2.24065029684596		2.17181916513352e-05		0.000858116852992451		0.00150333957994576
    2.24068428536409		2.17007688763528e-05		0.000857270769549286		0.00150185964881296
    2.24071832975372		2.16832655238428e-05		0.000856421197002204		0.00150037360439674
     2.2407524300375		2.1665681271298e-05		0.000855568124460291		0.00149888142757905
    2.24078658623811		2.16480157949653e-05		0.000854711541009896		0.00149738309920178
     2.2408207983782		2.16302687698419e-05		0.000853851435714709		0.00149587860006691
    2.24085506648046		2.16124398696715e-05		0.000852987797615833		0.00149436791093661
    2.24088939056759		2.15945287669277e-05		0.000852120615731108		0.00149285101253209
    2.24092377066229		2.15765351328288e-05		0.000851249879056333		0.00149132788553571
    2.24095820678727		2.15584586373096e-05		0.000850375576563835		0.0014897985105885
    2.24099269896526		2.15402989490308e-05		0.000849497697203402		0.00148826286829175
    2.24102724721898		2.15220557353674e-05		0.000848616229901869		0.00148672093920634
    2.24106185157121		2.15037286624063e-05		0.000847731163563343		0.00148517270385308
    2.24109651204467		2.14853173949349e-05		0.000846842487068761		0.00148361814271198
    2.24113122866215		2.14668215964406e-05		0.000845950189276271		0.00148205723622288
    2.24116600144642		2.14482409291021e-05		0.000845054259020968		0.00148048996478502
    2.24120083042028		2.14295750537862e-05		0.000844154685115077		0.00147891630875732
    2.24123571560651		2.14108236300389e-05		0.000843251456347707		0.00147733624845799
    2.24127065702794		2.13919863160821e-05		0.000842344561485009		0.00147574976416476
    2.24130565470737		2.1373062768802e-05		0.000841433989269803		0.0014741568361143
    2.24134070866766		2.13540526437521e-05		0.000840519728422094		0.00147255744450302
    2.24137581893162		2.13349555951423e-05		0.000839601767638767		0.00147095156948661
    2.24141098552213		2.13157712758296e-05		0.000838680095593329		0.00146933919117959
    2.24144620846204		2.12964993373182e-05		0.000837754700936285		0.00146772028965592
    2.24148148777423		2.12771394297493e-05		0.000836825572294871		0.00146609484494854
    2.24151682348158		2.12576912018954e-05		0.000835892698273019		0.00146446283704937
      2.241552215607		2.12381543011587e-05		0.000834956067451672		0.00146282424590977
    2.24158766417337		2.1218528373558e-05		0.000834015668388245		0.00146117905143967
    2.24162316920363		2.11988130637244e-05		0.000833071489616816		0.00145952723350784
     2.2416587307207		2.11790080148989e-05		0.000832123519648261		0.00145786877194219
    2.24169434874753		2.11591128689244e-05		0.000831171746970171		0.00145620364652958
    2.24173002330705		2.11391272662345e-05		0.000830216160046505		0.00145453183701522
    2.24176575442223		2.11190508458561e-05		0.000829256747318112		0.00145285332310359
    2.24180154211605		2.109888324539e-05		0.000828293497201909		0.00145116808445699
    2.24183738641147		2.10786241010234e-05		0.000827326398092037		0.00144947610069758
    2.24187328733151		2.10582730475029e-05		0.000826355438358541		0.00144777735140504
    2.24190924489915		2.10378297181426e-05		0.000825380606348257		0.00144607181611816
    2.24194525913742		2.10172937448107e-05		0.000824401890384359		0.001444359474334
    2.24198133006934		2.09966647579286e-05		0.000823419278766685		0.00144264030550852
    2.24201745771794		2.09759423864529e-05		0.000822432759770994		0.0014409142890552
    2.24205364210627		2.09551262578827e-05		0.000821442321649826		0.00143918140434661
    2.24208988325739		2.09342159982478e-05		0.000820447952632117		0.00143744163071373
    2.24212618119437		2.09132112320952e-05		0.000819449640922781		0.00143569494744515
    2.24216253594028		2.08921115824905e-05		0.000818447374703185		0.001433941333788
    2.24219894751822		2.08709166710112e-05		0.000817441142131101		0.00143218076894779
    2.24223541595129		2.08496261177346e-05		0.000816430931340373		0.00143041323208786
    2.24227194126259		2.08282395412365e-05		0.000815416730441226		0.00142863870232989
    2.24230852347526		2.08067565585758e-05		0.000814398527519714		0.00142685715875297
    2.24234516261241		2.07851767853027e-05		0.000813376310638603		0.00142506858039515
    2.24238185869721		2.07634998354331e-05		0.000812350067836229		0.00142327294625137
     2.2424186117528		2.07417253214608e-05		0.000811319787127609		0.00142147023527549
    2.24245542180234		2.07198528543322e-05		0.000810285456503325		0.00141966042637827
    2.24249228886902		2.06978820434529e-05		0.000809247063930296		0.00141784349842878
    2.24252921297602		2.06758124966736e-05		0.00080820459735136		0.0014160194302536
    2.24256619414654		2.06536438202885e-05		0.000807158044685556		0.00141418820063737
    2.24260323240378		2.0631375619019e-05		0.000806107393827528		0.00141234978832172
    2.24264032777098		2.06090074960189e-05		0.000805052632648285		0.00141050417200658
    2.24267748027135		2.05865390528555e-05		0.00080399374899443		0.00140865133034888
    2.24271468992815		2.05639698895095e-05		0.000802930730688577		0.00140679124196324
    2.24275195676462		2.05412996043671e-05		0.000801863565529292		0.00140492388542188
    2.24278928080402		2.05185277942115e-05		0.000800792241290976		0.00140304923925439
    2.24282666206964		2.04956540542115e-05		0.000799716745723605		0.00140116728194731
    2.24286410058475		2.0472677977923e-05		0.000798637066553239		0.00139927799194502
    2.24290159637266		2.04495991572725e-05		0.000797553191481437		0.00139738134764867
    2.24293914945666		2.04264171825586e-05		0.000796465108185779		0.00139547732741712
    2.24297675986008		2.04031316424367e-05		0.000795372804319348		0.00139356590956607
    2.24301442760625		2.03797421239149e-05		0.000794276267510938		0.00139164707236834
     2.2430521527185		2.03562482123454e-05		0.000793175485364939		0.00138972079405375
    2.24308993522019		2.03326494914213e-05		0.000792070445461561		0.00138778705280945
    2.24312777513468		2.03089455431608e-05		0.000790961135356375		0.00138584582677916
    2.24316567248534		2.02851359479089e-05		0.000789847542580778		0.00138389709406394
    2.24320362729555		2.02612202843178e-05		0.000788729654641277		0.00138194083272099
    2.24324163958872		2.02371981293562e-05		0.000787607459020502		0.00137997702076537
    2.24327970938823		2.02130690582832e-05		0.000786480943176057		0.00137800563616801
    2.24331783671752		2.01888326446509e-05		0.000785350094541115		0.00137602665685674
        2.2433560216		2.01644884602993e-05		0.00078421490052457		0.00137404006071659
    2.24339426405912		2.01400360753376e-05		0.000783075348510351		0.00137204582558855
    2.24343256411832		2.01154750581464e-05		0.000781931425858001		0.00137004392927057
    2.24347092180107		2.00908049753634e-05		0.000780783119902269		0.00136803434951691
    2.24350933713084		2.00660253918812e-05		0.000779630417953436		0.00136601706403863
     2.2435478101311		2.00411358708296e-05		0.000778473307296694		0.00136399205050258
    2.24358634082536		2.00161359735811e-05		0.000777311775192955		0.00136195928653274
    2.24362492923711		1.99910252597317e-05		0.00077614580887813		0.001359918749709
    2.24366357538988		1.99658032870937e-05		0.00077497539556318		0.00135787041756726
    2.24370227930718		1.99404696116973e-05		0.000773800522434665		0.00135581426760035
    2.24374104101255		1.99150237877672e-05		0.000772621176653815		0.00135375027725642
    2.24377986052955		1.98894653677329e-05		0.000771437345357591		0.00135167842394082
    2.24381873788173		1.98637939022012e-05		0.000770249015657539		0.00134959868501405
    2.24385767309266		1.9838008939958e-05		0.000769056174640362		0.00134751103779279
    2.24389666618592		1.98121100279635e-05		0.000767858809368077		0.00134541545955016
    2.24393571718511		1.9786096711333e-05		0.000766656906877394		0.00134331192751466
    2.24397482611382		1.97599685333388e-05		0.000765450454180255		0.00134120041887105
    2.24401399299568		1.97337250353927e-05		0.000764239438263311		0.0013390809107595
    2.24405321785431		1.97073657570503e-05		0.000763023846088625		0.0013369533802768
    2.24409250071335		1.96808902359834e-05		0.000761803664592544		0.00133481780447434
    2.24413184159643		1.96542980079901e-05		0.000760578880686764		0.00133267416036004
    2.24417124052723		1.96275886069734e-05		0.000759349481257543		0.00133052242489694
     2.2442106975294		1.96007615649404e-05		0.000758115453166167		0.00132836257500399
    2.24425021262664		1.95738164119898e-05		0.000756876783248674		0.00132619458755563
    2.24428978584263		1.95467526763026e-05		0.0007556334583158		0.00132401843938161
    2.24432941720107		1.9519569884134e-05		0.000754385465153011		0.00132183410726712
    2.24436910672569		1.94922675598059e-05		0.000753132790520535		0.00131964156795282
     2.2444088544402		1.94648452256959e-05		0.000751875421153236		0.00131744079813458
    2.24444866036834		1.94373024022285e-05		0.00075061334376055		0.00131523177446343
    2.24448852453386		1.94096386078747e-05		0.000749346545027017		0.00131301447354645
    2.24452844696051		1.93818533591252e-05		0.000748075011611185		0.00131078887194485
    2.24456842767207		1.93539461704919e-05		0.000746798730146192		0.00130855494617501
    2.24460846669231		1.93259165545086e-05		0.000745517687240335		0.00130631267270946
    2.24464856404504		1.92977640217001e-05		0.000744231869475749		0.00130406202797457
    2.24468871975404		1.92694880805884e-05		0.000742941263409301		0.00130180298835211
    2.24472893384314		1.92410882376829e-05		0.000741645855572516		0.00129953553017911
    2.24476920633615		1.92125639974615e-05		0.000740345632470997		0.00129725962974687
    2.24480953725693		1.91839148623698e-05		0.000739040580584886		0.00129497526330175
     2.2448499266293		1.91551403328144e-05		0.000737730686369005		0.0012926824070454
    2.24489037447714		1.91262399071365e-05		0.000736415936251818		0.00129038103713299
    2.24493088082431		1.90972130816249e-05		0.000735096316636746		0.00128807112967545
    2.24497144569469		1.90680593504943e-05		0.000733771813901386		0.00128575266073813
    2.24501206911217		1.90387782058711e-05		0.000732442414397262		0.00128342560634038
    2.24505275110066		1.9009369137796e-05		0.000731108104450461		0.00128108994245664
    2.24509349168407		1.89798316342023e-05		0.000729768870360941		0.00127874564501523
    2.24513429088632		1.89501651809195e-05		0.000728424698403261		0.00127639268989962
    2.24517514873136		1.89203692616557e-05		0.00072707557482606		0.00127403105294755
    2.24521606524313		1.8890443357977e-05		0.000725721485851496		0.00127166070994999
    2.24525704044559		1.88603869493235e-05		0.000724362417676606		0.00126928163665358
    2.24529807436272		1.88301995129746e-05		0.000722998356471923		0.00126689380875817
    2.24533916701848		1.87998805240514e-05		0.000721629288382114		0.00126449720191793
    2.24538031843687		1.8769429455512e-05		0.000720255199526275		0.00126209179174192
     2.2454215286419		1.87388457781239e-05		0.000718876075996893		0.00125967755379218
    2.24546279765759		1.87081289604713e-05		0.000717491903860796		0.00125725446358548
    2.24550412550796		1.86772784689338e-05		0.000716102669158509		0.00125482249659215
    2.24554551221704		1.86462937676816e-05		0.000714708357904513		0.00125238162823653
    2.24558695780888		1.86151743186608e-05		0.000713308956086982		0.0012499318338965
    2.24562846230756		1.85839195815942e-05		0.00071190444966835		0.00124747308890453
    2.24567002573713		1.85525290139538e-05		0.000710494824584337		0.0012450053685459
    2.24571164812167		1.85210020709651e-05		0.000709080066744748		0.00124252864806012
    2.24575332948529		1.84893382055885e-05		0.000707660162032947		0.00124004290264003
    2.24579506985209		1.84575368685176e-05		0.000706235096306382		0.00123754810743271
    2.24583686924618		1.84255975081513e-05		0.00070480485539552		0.00123504423753759
    2.24587872769169		1.83935195706074e-05		0.000703369425105201		0.00123253126800885
    2.24592064521277		1.83613024996896e-05		0.000701928791213369		0.00123000917385317
    2.24596262183355		1.83289457368886e-05		0.000700482939471664		0.0012274779300308
     2.2460046575782		1.82964487213771e-05		0.000699031855605728		0.00122493751145605
     2.2460467524709		1.8263810889975e-05		0.000697575525313853		0.00122238789299496
    2.24608890653582		1.82310316771689e-05		0.000696113934268622		0.00121982904946815
    2.24613111979716		1.81981105150845e-05		0.000694647068115934		0.00121726095564912
    2.24617339227914		1.81650468334745e-05		0.000693174912474942		0.00121468358626413
    2.24621572400596		1.8131840059715e-05		0.000691697452938409		0.00121209691599286
    2.24625811500186		1.80984896187832e-05		0.000690214675072057		0.0012095009194672
    2.24630056529107		1.80649949332659e-05		0.000688726564415631		0.00120689557127316
    2.24634307489785		1.80313554233294e-05		0.000687233106481794		0.00120428084594895
    2.24638564384647		1.79975705067175e-05		0.000685734286756636		0.00120165671798581
    2.24642827216118		1.79636395987314e-05		0.000684230090699144		0.00119902316182714
    2.24647095986629		1.79295621122398e-05		0.000682720503742322		0.00119638015187043
    2.24651370698609		1.78953374576376e-05		0.000681205511291554		0.00119372766246438
    2.24655651354488		1.78609650428625e-05		0.000679685098726082		0.00119106566791152
    2.24659937956699		1.78264442733621e-05		0.000678159251397826		0.00118839414246612
    2.24664230507674		1.77917745520953e-05		0.000676627954632011		0.0011857130603353
    2.24668529009849		1.7756955279519e-05		0.000675091193727109		0.00118302239567891
    2.24672833465657		1.77219858535693e-05		0.000673548953954337		0.00118032212260866
    2.24677143877537		1.76868656696589e-05		0.000672001220558201		0.00117761221518907
    2.24681460247925		1.76515941206629e-05		0.000670447978756264		0.00117489264743707
     2.2468578257926		1.76161705968925e-05		0.000668889213738353		0.0011721633933206
    2.24690110873982		1.75805944861185e-05		0.000667324910668457		0.00116942442676192
    2.24694445134533		1.7544865173519e-05		0.000665755054682482		0.00116667572163372
    2.24698785363354		1.75089820416945e-05		0.000664179630889681		0.00116391725176157
    2.24703131562889		1.74729444706449e-05		0.00066259862437206		0.00116114899092291
    2.24707483735582		1.74367518377573e-05		0.000661012020184301		0.00115837091284691
    2.24711841883878		1.74004035178014e-05		0.000659419803354151		0.00115558299121515
    2.24716206010226		1.73638988829077e-05		0.000657821958881886		0.00115278519966067
    2.24720576117072		1.7327237302565e-05		0.000656218471740766		0.00114997751176878
    2.24724952206865		1.72904181435971e-05		0.000654609326876443		0.00114715990107599
    2.24729334282057		1.7253440770162e-05		0.000652994509207533		0.00114433234107108
    2.24733722345097		1.72163045437318e-05		0.000651374003625179		0.00114149480519423
    2.24738116398439		1.71790088230831e-05		0.000649747794993155		0.00113864726683731
    2.24742516444537		1.71415529642797e-05		0.000648115868147607		0.00113578969934334
    2.24746922485844		1.71039363206709e-05		0.000646478207897567		0.00113292207600744
    2.24751334524817		1.70661582428706e-05		0.000644834799024495		0.00113004437007599
    2.24755752563913		1.70282180787466e-05		0.000643185626282355		0.0011271565547468
     2.2476017660559		1.69901151734042e-05		0.00064153067439739		0.00112425860316868
    2.24764606652307		1.69518488691805e-05		0.000639869928068454		0.00112135048844204
    2.24769042706526		1.69134185056297e-05		0.000638203371966886		0.00111843218361867
    2.24773484770707		1.68748234195016e-05		0.000636530990736033		0.00111550366170087
    2.24777932847313		1.68360629447449e-05		0.000634852768992057		0.00111256489564292
    2.24782386938809		1.67971364124793e-05		0.000633168691323148		0.00110961585834964
    2.24786847047659		1.67580431509898e-05		0.000631478742289843		0.00110665652267699
     2.2479131317633		1.67187824857098e-05		0.00062978290642483		0.00110368686143171
    2.24795785327289		1.66793537392137e-05		0.000628081168233206		0.00110070684737176
    2.24800263503004		1.66397562311954e-05		0.000626373512192007		0.00109771645320551
    2.24804747705945		1.65999892784669e-05		0.000624659922750799		0.00109471565159279
    2.24809237938584		1.65600521949333e-05		0.000622940384331055		0.00109170441514374
    2.24813734203392		1.65199442915818e-05		0.000621214881326245		0.00108868271641901
    2.24818236502841		1.64796648764762e-05		0.000619483398102199		0.00108565052793043
    2.24822744839408		1.64392132547281e-05		0.000617745918996313		0.00108260782213951
    2.24827259215566		1.63985887285033e-05		0.000616002428318535		0.00107955457145928
    2.24831779633793		1.63577905969936e-05		0.000614252910350583		0.00107649074825285
    2.24836306096566		1.63168181564005e-05		0.000612497349345797		0.00107341632483317
    2.24840838606364		1.62756706999381e-05		0.000610735729529953		0.00107033127346444
    2.24845377165667		1.62343475178047e-05		0.000608968035100471		0.00106723556636076
    2.24849921776957		1.61928478971693e-05		0.000607194250226442		0.00106412917568613
    2.24854472442715		1.61511711221692e-05		0.000605414359049152		0.00106101207355539
    2.24859029165427		1.61093164738838e-05		0.000603628345681454		0.00105788423203312
    2.24863591947575		1.60672832303262e-05		0.000601836194208008		0.00105474562313404
    2.24868160791645		1.60250706664233e-05		0.000600037888684974		0.00105159621882251
    2.24872735700126		1.59826780540142e-05		0.000598233413140619		0.00104843599101353
    2.24877316675505		1.59401046618289e-05		0.000596422751574921		0.00104526491157211
    2.24881903720271		1.58973497554584e-05		0.000594605887958753		0.0010420829523118
    2.24886496836915		1.58544125973766e-05		0.000592782806235699		0.00103889008499787
    2.24891096027928		1.58112924468828e-05		0.000590953490319833		0.00103568628134344
    2.24895701295804		1.57679885601259e-05		0.000589117924097669		0.00103247151301286
    2.24900312643036		1.57245001900544e-05		0.000587276091426306		0.00102924575161852
     2.2490493007212		1.56808265864414e-05		0.000585427976135428		0.00102600896872427
     2.2490955358555		1.56369669958296e-05		0.000583573562025239		0.00102276113584186
    2.24914183185826		1.55929206615435e-05		0.000581712832867786		0.00101950222443325
    2.24918818875446		1.55486868236638e-05		0.000579845772406388		0.00101623220590959
    2.24923460656909		1.55042647190211e-05		0.000577972364356041		0.00101295105163191
    2.24928108532717		1.54596535811585e-05		0.00057609259240226		0.00100965873290916
    2.24932762505371		1.54148526403589e-05		0.000574206440203168		0.00100635522100179
    2.24937422577375		1.53698611235704e-05		0.000572313891386511		0.00100304048711657
    2.24942088751233		1.53246782544536e-05		0.00057041492955272		0.000999714502411915
     2.2494676102945		1.52793032533211e-05		0.000568509538272638		0.000996377237993941
    2.24951439414535		1.52337353371442e-05		0.00056659770108859		0.000993028664918307
    2.24956123908993		1.51879737195211e-05		0.00056467940151353		0.000989668754188736
    2.24960814515336		1.51420176106853e-05		0.000562754623032199		0.000986297476759031
    2.24965511236072		1.50958662174718e-05		0.000560823349100184		0.000982914803531434
    2.24970214073713		1.50495187433053e-05		0.000558885563144077		0.000979520705356895
    2.24974923030772		1.50029743881784e-05		0.000556941248561151		0.000976115153034511
    2.24979638109763		1.49562323486489e-05		0.000554990388719957		0.000972698117312564
      2.249843593132		1.49092918178275e-05		0.000553032966960482		0.000969269568888794
      2.249890866436		1.48621519853335e-05		0.000551068966592704		0.000965829478407878
     2.2499382010348		1.48148120373092e-05		0.00054909837089807		0.000962377816464003
    2.24998559695359		1.47672711563894e-05		0.00054712116312874		0.00095891455359955
    2.25003305421755		1.47195285216876e-05		0.000545137326507678		0.000955439660305246
     2.2500805728519		1.46715833087749e-05		0.000543146844228375		0.000951953107019682
    2.25012815288186		1.46234346896866e-05		0.000541149699455933		0.000948454864131205
    2.25017579433266		1.45750818328657e-05		0.00053914587532508		0.000944944901974443
    2.25022349722954		1.45265239031855e-05		0.000537135354942041		0.000941423190833579
    2.25027126159776		1.44777600619069e-05		0.000535118121383202		0.000937889700940014
    2.25031908746258		1.4428789466675e-05		0.00053309415769577		0.000934344402473507
    2.25036697484928		1.43796112715037e-05		0.00053106344689774		0.000930787265562139
    2.25041492378315		1.43302246267504e-05		0.000529025971977493		0.00092721826028158
     2.2504629342895		1.42806286791024e-05		0.000526981715893891		0.000923637356655277
    2.25051100639364		1.42308225715626e-05		0.000524930661576376		0.000920044524654612
    2.25055914012089		1.4180805443432e-05		0.000522872791924922		0.000916439734198821
    2.25060733549659		1.41305764302876e-05		0.000520808089809737		0.000912822955154472
    2.25065559254608		1.40801346639678e-05		0.000518736538071357		0.000909194157335622
    2.25070391129474		1.40294792725683e-05		0.000516658119521245		0.00090555331050487
    2.25075229176793		1.39786093804068e-05		0.000514572816940883		0.000901900384371762
    2.25080073399104		1.39275241080051e-05		0.000512480613081728		0.000898235348592712
    2.25084923798946		1.38762225720855e-05		0.000510381490665816		0.000894558172772064
     2.2508978037886		1.38247038855501e-05		0.00050827543238559		0.000890868826461779
    2.25094643141388		1.37729671574539e-05		0.000506162420903415		0.000887167279160592
    2.25099512089073		1.37210114929987e-05		0.000504042438852093		0.000883453500314909
    2.25104387224459		1.36688359935044e-05		0.000501915468834322		0.000879727459317857
    2.25109268550093		1.36164397564029e-05		0.000499781493423174		0.000875989125510121
    2.25114156068521		1.35638218752034e-05		0.000497640495161329		0.000872238468178599
     2.2511904978229		1.35109814395017e-05		0.000495492456562268		0.000868475456558493
    2.25123949693949		1.34579175349294e-05		0.000493337360108728		0.000864700059830598
     2.2512885580605		1.34046292431601e-05		0.000491175188253809		0.000860912247123239
    2.25133768121143		1.33511156418833e-05		0.000489005923420546		0.000857111987511526
    2.25138686641781		1.32973758047875e-05		0.000486829548001976		0.000853299250017454
    2.25143611370518		1.32434088015322e-05		0.000484646044360616		0.000849474003609006
    2.25148542309908		1.31892136977533e-05		0.000482455394829562		0.000845636217202065
    2.25153479462509		1.31347895550117e-05		0.000480257581710922		0.000841785859657669
    2.25158422830877		1.30801354308026e-05		0.000478052587277061		0.000837922899784193
     2.2516337241757		1.30252503785259e-05		0.000475840393770088		0.00083404730633644
     2.2516832822515		1.29701334474627e-05		0.000473620983401577		0.000830159048015166
    2.25173290256175		1.29147836827704e-05		0.000471394338353184		0.000826258093468145
     2.2517825851321		1.28592001254455e-05		0.000469160440775786		0.00082234441128866
    2.25183232998816		1.28033818123206e-05		0.000466919272790154		0.000818417970016691
    2.25188213715559		1.27473277760423e-05		0.000464670816486799		0.000814478738138634
    2.25193200666004		1.26910370450368e-05		0.00046241505392524		0.000810526684086019
    2.25198193852718		1.26345086435129e-05		0.000460151967134978		0.000806561776237212
    2.25203193278269		1.25777415914336e-05		0.000457881538115051		0.00080258398291664
    2.25208198945227		1.25207349044906e-05		0.000455603748833726		0.000798593272394244
    2.25213210856161		1.24634875940863e-05		0.000453318581228536		0.000794589612885541
    2.25218229013644		1.24059986673313e-05		0.000451026017207006		0.000790572972552905
    2.25223253420248		1.23482671269996e-05		0.000448726038645495		0.000786543319503519
    2.25228284078548		1.2290291971519e-05		0.000446418627389609		0.000782500621790114
    2.25233320991118		1.22320721949636e-05		0.00044410376525475		0.000778444847411913
    2.25238364160534		1.21736067870173e-05		0.000441781434025288		0.000774375964313191
    2.25243413589376		1.21148947329567e-05		0.000439451615454702		0.000770293940383517
    2.25248469280221		1.20559350136413e-05		0.000437114291265985		0.000766198743458458
    2.25253531235649		1.19967266054757e-05		0.000434769443150822		0.000762090341318138
    2.25258599458242		1.19372684804129e-05		0.000432417052770631		0.000757968701689064
    2.25263673950582		1.18775596059114e-05		0.000430057101755485		0.000753833792242229
    2.25268754715253		1.1817598944925e-05		0.000427689571704561		0.000749685580593906
    2.25273841754839		1.17573854558802e-05		0.000425314444186006		0.000745524034305402
    2.25278935071927		1.1696918092666e-05		0.00042293170073737		0.000741349120883818
    2.25284034669103		1.16361958045973e-05		0.000420541322864862		0.000737160807780747
    2.25289140548956		1.15752175363949e-05		0.000418143292043354		0.000732959062392271
    2.25294252714076		1.15139822281811e-05		0.000415737589717072		0.000728743852060182
    2.25299371167053		1.14524888154441e-05		0.000413324197298919		0.000724515144070782
    2.25304495910479		1.13907362290175e-05		0.000410903096170469		0.000720272905654876
    2.25309626946949		1.13287233950786e-05		0.000408474267682772		0.000716017103989181
    2.25314764279055		1.12664492350799e-05		0.000406037693154275		0.00071174770619268
    2.25319907909394		1.12039126657933e-05		0.000403593353873632		0.000707464679331545
    2.25325057840562		1.11411125992309e-05		0.000401141231097165		0.000703167990414683
    2.25330214075158		1.10780479426626e-05		0.000398681306050513		0.000698857606396627
     2.2533537661578		1.10147175985594e-05		0.000396213559927087		0.000694533494174828
    2.25340545465029		1.09511204646189e-05		0.000393737973890097		0.000690195620593199
    2.25345720625507		1.08872554336944e-05		0.00039125452907035		0.000685843952438258
    2.25350902099817		1.08231213937978e-05		0.000388763206567334		0.000681478456441027
    2.25356089890562		1.07587172280848e-05		0.000386263987449474		0.000677099099277477
    2.25361284000348		1.06940418148178e-05		0.000383756852753432		0.000672705847567299
    2.25366484431781		1.06290940273284e-05		0.000381241783483454		0.000668298667872761
    2.25371691187469		1.05638727340481e-05		0.00037871876061357		0.000663877526702553
     2.2537690427002		1.04983767984329e-05		0.000376187765085315		0.000659442390507803
    2.25382123682046		1.04326050789654e-05		0.000373648777808733		0.000654993225683823
    2.25387349426157		1.0366556429125e-05		0.000371101779662036		0.00065052999856952
    2.25392581504965		1.03002296973818e-05		0.000368546751492276		0.00064605267544856
    2.25397819921084		1.02336237271298e-05		0.000365983674113431		0.000641561222546027
     2.2540306467713		1.01667373567274e-05		0.000363412528309073		0.000637055606033079
    2.25408315775718		1.00995694194255e-05		0.000360833294830246		0.000632535792023238
    2.25413573219466		1.00321187433501e-05		0.000358245954395674		0.000628001746572758
    2.25418837010992		9.9643841515132e-06		0.000355650487693173		0.000623453435683079
    2.25424107152916		9.89636446175222e-06		0.000353046875378029		0.000618890825298003
    2.25429383647858		9.82805848671482e-06		0.000350435098073317		0.000614313881304234
    2.25434666498442		9.75946503384829e-06		0.000347815136370403		0.000609722569532271
     2.2543995570729		9.69058290537203e-06		0.00034518697082874		0.00060511685575603
    2.25445251277028		9.62141089824573e-06		0.000342550581975492		0.000600496705692206
     2.2545055321028		9.55194780414095e-06		0.000339905950305307		0.000595862084999853
    2.25455861509674		9.48219240944697e-06		0.00033725305628152		0.000591212959282499
    2.25461176177838		9.41214349520781e-06		0.000334591880334491		0.000586549294085232
    2.25466497217402		9.34179983712839e-06		0.000331922402862822		0.000581871054896831
    2.25471824630997		9.27116020552808e-06		0.000329244604232416		0.000577178207148107
    2.25477158421253		9.20022336534112e-06		0.000326558464777438		0.000572470716213596
    2.25482498590805		9.12898807606773e-06		0.000323863964799284		0.000567748547409744
    2.25487845142287		9.05745309176252e-06		0.000321161084567069		0.000563011665995761
    2.25493198078334		8.98561716101035e-06		0.000318449804317619		0.000558260037173606
    2.25498557401582		8.91347902689686e-06		0.000315730104255227		0.000553493626087552
    2.25503923114671		8.84103742698308e-06		0.000313001964551601		0.000548712397824105
    2.25509295220239		8.7682910932875e-06		0.000310265365346114		0.000543916317412425
    2.25514673720927		8.69523875225548e-06		0.000307520286745531		0.00053910534982386
    2.25520058619376		8.62187912473685e-06		0.0003047667088241		0.000534279459972088
    2.25525449918229		8.54821092595404e-06		0.000302004611623228		0.000529438612712562
    2.25530847620131		8.47423286548757e-06		0.000299233975151901		0.00052458277284323
    2.25536251727726		8.39994364724772e-06		0.000296454779386511		0.000519711905104247
    2.25541662243661		8.3253419694372e-06		0.000293667004270366		0.000514825974177094
    2.25547079170584		8.25042652454443e-06		0.000290870629714398		0.000509924944685833
    2.25552502511144		8.17519599929882e-06		0.000288065635596383		0.000505008781195728
    2.25557932267991		8.09964907465401e-06		0.000285252001761253		0.000500077448213794
    2.25563368443777		8.02378442578235e-06		0.000282429708021886		0.00049513091019018
    2.25568811041153		7.9476007219982e-06		0.000279598734157056		0.000490169131514571
    2.25574260062775		7.87109662679042e-06		0.000276759059913725		0.000485192076520204
    2.25579715511297		7.79427079773738e-06		0.000273910665004673		0.000480199709479715
    2.25585177389375		7.71712188654499e-06		0.000271053529111033		0.000475191994609574
    2.25590645699668		7.63964853895972e-06		0.000268187631879845		0.000470168896065802
    2.25596120444833		7.56184939478737e-06		0.000265312952925824		0.000465130377947063
    2.25601601627532		7.48372308782309e-06		0.000262429471829618		0.00046007640429161
    2.25607089250424		7.40526824588114e-06		0.000259537168139994		0.000455006939081116
    2.25612583316173		7.32648349070346e-06		0.000256636021371284		0.000449921946236191
    2.25618083827442		7.24736743799607e-06		0.000253726011005823		0.000444821389620661
    2.25623590786897		7.16791869733707e-06		0.000250807116491386		0.000439705233037065
    2.25629104197203		7.08813587221185e-06		0.000247879317243591		0.000434573440230867
    2.25634624061028		7.00801755993842e-06		0.000244942592644028		0.000429425974887177
     2.2564015038104		6.92756235167282e-06		0.000241996922041495		0.000424262800632912
    2.25645683159909		6.84676883235468e-06		0.000239042284750925		0.000419083881034919
    2.25651222400307		6.76563558069085e-06		0.000236078660053801		0.000413889179600691
    2.25656768104906		6.68416116913524e-06		0.000233106027198408		0.000408678659778813
    2.25662320276379		6.60234416385342e-06		0.000230124365399518		0.000403452284958408
    2.25667878917401		6.52018312469993e-06		0.000227133653838559		0.000398210018469423
    2.25673444030648		6.43767660516397e-06		0.000224133871662579		0.000392951823580826
    2.25679015618797		6.35482315238244e-06		0.000221124997985805		0.000387677663503317
    2.25684593684527		6.27162130708092e-06		0.000218107011888423		0.000382387501387207
    2.25690178230518		6.18806960356807e-06		0.000215079892417436		0.000377081300323902
    2.25695769259451		6.10416656967485e-06		0.000212043618585394		0.000371759023343689
    2.25701366774006		6.01991072675479e-06		0.000208998169371474		0.000366420633417615
    2.25706970776869		5.93530058965087e-06		0.000205943523721281		0.000361066093457146
    2.25712581270725		5.85033466665822e-06		0.000202879660546501		0.000355695366313551
    2.25718198258257		5.76501145948901e-06		0.000199806558724639		0.000350308414777438
    2.25723821742155		5.6793294632568e-06		0.000196724197099507		0.000344905201579615
    2.25729451725106		5.59328716644251e-06		0.000193632554481007		0.000339485689390701
      2.257350882098		5.50688305086587e-06		0.000190531609645138		0.000334049840821138
    2.25740731198928		5.42011559164277e-06		0.000187421341333471		0.000328597618420265
    2.25746380695181		5.33298325719106e-06		0.000184301728254447		0.0003231289846786
    2.25752036701254		5.24548450914179e-06		0.000181172749081143		0.000317643902023913
    2.25757699219841		5.1576178023804e-06		0.000178034382453897		0.000312142332825825
    2.25763368253637		5.06938158495454e-06		0.000174886606977954		0.000306624239391688
     2.2576904380534		4.98077429807119e-06		0.000171729401224459		0.000301089583968311
    2.25774725877648		4.89179437606867e-06		0.000168562743730511		0.000295538328742066
    2.25780414473261		4.80244024639407e-06		0.000165386612999416		0.000289970435839317
     2.2578610959488		4.71271032954766e-06		0.000162200987499734		0.000284385867324753
    2.25791811245205		4.62260303903247e-06		0.000159005845664523		0.000278784585200058
    2.25797519426942		4.5321167814277e-06		0.000155801165895145		0.000273166551410588
    2.25803234142794		4.44124995622544e-06		0.000152586926556362		0.000267531727836758
    2.25808955395466		4.35000095587161e-06		0.000149363105978957		0.000261880076298648
    2.25814683187667		4.25836816573738e-06		0.000146129682459797		0.0002562115585561
    2.25820417522105		4.16634996406711e-06		0.000142886634261034		0.000250526136307327
    2.25826158401488		4.07394472193639e-06		0.000139633939609702		0.000244823771188191
    2.25831905828528		3.98115080325228e-06		0.000136371576698844		0.000239104424774184
    2.25837659805937		3.88796656469693e-06		0.000133099523686576		0.000233368058578787
    2.25843420336428		3.79439035571506e-06		0.000129817758696763		0.000227614634054647
    2.25849187422715		3.70042051846134e-06		0.000126526259818239		0.000221844112592203
    2.25854961067514		3.60605538776788e-06		0.000123225005104761		0.00021605645551962
    2.25860741273543		3.51129329113637e-06		0.000119913972575861		0.00021025162410426
    2.25866528043519		3.4161325486939e-06		0.000116593140216382		0.000204429579551882
    2.25872321380162		3.32057147314264e-06		0.000113262485975813		0.000198590283005464
    2.25878121286194		3.224608369751e-06		0.000109921987769109		0.000192733695546639
    2.25883927764334		3.12824153630382e-06		0.000106571623476051		0.000186859778194578
    2.25889740817308		3.03146926306779e-06		0.000103211370941157		0.000180968491905824
     2.2589556044784		2.93428983279574e-06		9.98412079749804e-05		0.000175059797576567
    2.25901386658654		2.83670152064475e-06		9.64611123523433e-05		0.000169133656039547
     2.2590721945248		2.73870259416309e-06		9.30710618130234e-05		0.000163190028065255
    2.25913058832043		2.64029131325373e-06		8.96710340616253e-05		0.000157228874361701
    2.25918904800076		2.5414659301515e-06		8.62610067679201e-05		0.000151250155575013
    2.25924757359307		2.44222468936381e-06		8.28409575659166e-05		0.000145253832287802
    2.25930616512469		2.34256582768545e-06		7.94108640555426e-05		0.000139239865022108
    2.25936482262295		2.24248757408653e-06		7.59707037998718e-05		0.000133208214234536
     2.2594235461152		2.14198814976115e-06		7.25204543279982e-05		0.000127158840321294
     2.2594823356288		2.04106576805305e-06		6.90600931335982e-05		0.000121091703615668
    2.25954119119112		1.93971863439281e-06		6.55895976739128e-05		0.000115006764386235
    2.25960011282954		1.83794494632277e-06		6.21089453717918e-05		0.000108903982840445
    2.25965910057145		1.73574289341619e-06		5.86181136140546e-05		0.000102783319121746
    2.25971815444428		1.63311065728259e-06		5.51170797528546e-05		9.66447333119687e-05
    2.25977727447542		1.53004641147738e-06		5.16058211037302e-05		9.04881854279145e-05
    2.25983646069233		1.42654832152326e-06		4.80843149475293e-05		8.43136354247202e-05
    2.25989571312244		1.32261454483185e-06		4.45525385288925e-05		7.81210431931997e-05
    2.25995503179322		1.21824323071805e-06		4.10104690579303e-05		7.19103685627811e-05
    2.26001441673213		1.1134325202775e-06		3.74580837072116e-05		6.56815712962238e-05
    2.26007386796666		1.00818054644562e-06		3.38953596149813e-05		5.9434611095258e-05
    2.26013338552431		9.02485433914338e-07		3.03222738835027e-05		5.31694475976756e-05
    2.26019296943259		7.96345299107569e-07		2.67388035794185e-05		4.688604037796e-05
    2.26025261971902		6.89758250123151e-07		2.31449257329756e-05		4.05843489459256e-05
    2.26031233641112		5.82722386726449e-07		1.95406173390119e-05		3.42643327484441e-05
    2.26037211953646		4.75235800301402e-07		1.59258553564982e-05		2.79259511686394e-05
    2.26043196912259		3.6729657380179e-07		1.23006167080987e-05		2.15691635251141e-05
    2.26049188519708		2.5890278172955e-07		8.66487828064944e-06		1.51939290727863e-05
    2.26055186778752		1.50052490101435e-07		5.01861692524595e-06		8.80020700303993e-06
     2.2606119169215		4.0743756399411e-08		1.36180945678862e-06		2.38795644292543e-06
     2.2609419169215		          0		          0		          0
                 3.8		          0		          0		          0
