# * STATIC * 
#
# file generated by ** cup.H ** 
#
# PARAMETERS: 
# G = 0.136256
# a drude model was used for silver
# ------------- 
# ome (eV)	real(alph)	imag(alph)
#
  2.2     	2.00089    	0.0263447  
  2.2012  	2.00368    	0.0264481  
  2.2024  	2.00649    	0.0265521  
  2.2036  	2.0093     	0.0266567  
  2.2048  	2.01213    	0.0267619  
  2.206   	2.01496    	0.0268677  
  2.2072  	2.01781    	0.0269741  
  2.2084  	2.02067    	0.0270811  
  2.2096  	2.02354    	0.0271888  
  2.2108  	2.02642    	0.0272971  
  2.212   	2.02932    	0.027406   
  2.2132  	2.03222    	0.0275156  
  2.2144  	2.03514    	0.0276258  
  2.2156  	2.03807    	0.0277367  
  2.2168  	2.04101    	0.0278482  
  2.218   	2.04396    	0.0279604  
  2.2192  	2.04693    	0.0280732  
  2.2204  	2.0499     	0.0281868  
  2.2216  	2.05289    	0.0283009  
  2.2228  	2.05589    	0.0284158  
  2.224   	2.05891    	0.0285314  
  2.2252  	2.06193    	0.0286476  
  2.2264  	2.06497    	0.0287646  
  2.2276  	2.06802    	0.0288822  
  2.2288  	2.07108    	0.0290006  
  2.23    	2.07416    	0.0291196  
  2.2312  	2.07725    	0.0292394  
  2.2324  	2.08035    	0.0293599  
  2.2336  	2.08346    	0.0294812  
  2.2348  	2.08659    	0.0296032  
  2.236   	2.08973    	0.0297259  
  2.2372  	2.09289    	0.0298494  
  2.2384  	2.09605    	0.0299736  
  2.2396  	2.09923    	0.0300986  
  2.2408  	2.10243    	0.0302244  
  2.242   	2.10563    	0.0303509  
  2.2432  	2.10885    	0.0304782  
  2.2444  	2.11209    	0.0306063  
  2.2456  	2.11534    	0.0307352  
  2.2468  	2.1186     	0.0308649  
  2.248   	2.12187    	0.0309954  
  2.2492  	2.12516    	0.0311267  
  2.2504  	2.12847    	0.0312588  
  2.2516  	2.13178    	0.0313918  
  2.2528  	2.13512    	0.0315256  
  2.254   	2.13846    	0.0316602  
  2.2552  	2.14182    	0.0317957  
  2.2564  	2.1452     	0.031932   
  2.2576  	2.14859    	0.0320692  
  2.2588  	2.15199    	0.0322073  
  2.26    	2.15541    	0.0323462  
  2.2612  	2.15885    	0.032486   
  2.2624  	2.1623     	0.0326267  
  2.2636  	2.16576    	0.0327684  
  2.2648  	2.16924    	0.0329109  
  2.266   	2.17274    	0.0330543  
  2.2672  	2.17625    	0.0331987  
  2.2684  	2.17977    	0.0333439  
  2.2696  	2.18331    	0.0334902  
  2.2708  	2.18687    	0.0336373  
  2.272   	2.19045    	0.0337854  
  2.2732  	2.19403    	0.0339345  
  2.2744  	2.19764    	0.0340846  
  2.2756  	2.20126    	0.0342356  
  2.2768  	2.2049     	0.0343876  
  2.278   	2.20855    	0.0345406  
  2.2792  	2.21222    	0.0346946  
  2.2804  	2.21591    	0.0348497  
  2.2816  	2.21961    	0.0350057  
  2.2828  	2.22333    	0.0351628  
  2.284   	2.22707    	0.0353209  
  2.2852  	2.23082    	0.0354801  
  2.2864  	2.23459    	0.0356403  
  2.2876  	2.23838    	0.0358016  
  2.2888  	2.24219    	0.035964   
  2.29    	2.24601    	0.0361274  
  2.2912  	2.24985    	0.036292   
  2.2924  	2.25371    	0.0364576  
  2.2936  	2.25759    	0.0366244  
  2.2948  	2.26148    	0.0367923  
  2.296   	2.26539    	0.0369613  
  2.2972  	2.26932    	0.0371315  
  2.2984  	2.27327    	0.0373029  
  2.2996  	2.27724    	0.0374754  
  2.3008  	2.28123    	0.037649   
  2.302   	2.28523    	0.0378239  
  2.3032  	2.28925    	0.038      
  2.3044  	2.2933     	0.0381773  
  2.3056  	2.29736    	0.0383557  
  2.3068  	2.30144    	0.0385355  
  2.308   	2.30554    	0.0387165  
  2.3092  	2.30966    	0.0388987  
  2.3104  	2.3138     	0.0390822  
  2.3116  	2.31796    	0.0392669  
  2.3128  	2.32214    	0.039453   
  2.314   	2.32634    	0.0396404  
  2.3152  	2.33055    	0.039829   
  2.3164  	2.33479    	0.040019   
  2.3176  	2.33905    	0.0402104  
  2.3188  	2.34334    	0.0404031  
  2.32    	2.34764    	0.0405971  
  2.3212  	2.35196    	0.0407925  
  2.3224  	2.3563     	0.0409893  
  2.3236  	2.36067    	0.0411876  
  2.3248  	2.36505    	0.0413872  
  2.326   	2.36946    	0.0415882  
  2.3272  	2.37389    	0.0417908  
  2.3284  	2.37834    	0.0419947  
  2.3296  	2.38282    	0.0422001  
  2.3308  	2.38731    	0.042407   
  2.332   	2.39183    	0.0426155  
  2.3332  	2.39637    	0.0428254  
  2.3344  	2.40093    	0.0430368  
  2.3356  	2.40552    	0.0432498  
  2.3368  	2.41013    	0.0434644  
  2.338   	2.41476    	0.0436805  
  2.3392  	2.41942    	0.0438982  
  2.3404  	2.4241     	0.0441175  
  2.3416  	2.4288     	0.0443384  
  2.3428  	2.43353    	0.044561   
  2.344   	2.43828    	0.0447852  
  2.3452  	2.44305    	0.045011   
  2.3464  	2.44785    	0.0452386  
  2.3476  	2.45268    	0.0454678  
  2.3488  	2.45753    	0.0456988  
  2.35    	2.4624     	0.0459315  
  2.3512  	2.4673     	0.0461659  
  2.3524  	2.47223    	0.0464022  
  2.3536  	2.47718    	0.0466402  
  2.3548  	2.48215    	0.04688    
  2.356   	2.48716    	0.0471216  
  2.3572  	2.49219    	0.047365   
  2.3584  	2.49724    	0.0476104  
  2.3596  	2.50232    	0.0478576  
  2.3608  	2.50743    	0.0481066  
  2.362   	2.51257    	0.0483577  
  2.3632  	2.51773    	0.0486106  
  2.3644  	2.52292    	0.0488655  
  2.3656  	2.52814    	0.0491223  
  2.3668  	2.53338    	0.0493812  
  2.368   	2.53866    	0.0496421  
  2.3692  	2.54396    	0.049905   
  2.3704  	2.54929    	0.0501699  
  2.3716  	2.55465    	0.050437   
  2.3728  	2.56004    	0.0507061  
  2.374   	2.56546    	0.0509774  
  2.3752  	2.57091    	0.0512508  
  2.3764  	2.57638    	0.0515263  
  2.3776  	2.58189    	0.0518041  
  2.3788  	2.58743    	0.052084   
  2.38    	2.593      	0.0523662  
  2.3812  	2.5986     	0.0526507  
  2.3824  	2.60423    	0.0529374  
  2.3836  	2.60989    	0.0532265  
  2.3848  	2.61558    	0.0535178  
  2.386   	2.62131    	0.0538116  
  2.3872  	2.62706    	0.0541077  
  2.3884  	2.63285    	0.0544062  
  2.3896  	2.63867    	0.0547071  
  2.3908  	2.64453    	0.0550105  
  2.392   	2.65041    	0.0553164  
  2.3932  	2.65633    	0.0556247  
  2.3944  	2.66229    	0.0559357  
  2.3956  	2.66828    	0.0562492  
  2.3968  	2.6743     	0.0565652  
  2.398   	2.68036    	0.0568839  
  2.3992  	2.68645    	0.0572053  
  2.4004  	2.69258    	0.0575293  
  2.4016  	2.69874    	0.0578561  
  2.4028  	2.70494    	0.0581855  
  2.404   	2.71117    	0.0585178  
  2.4052  	2.71744    	0.0588528  
  2.4064  	2.72375    	0.0591907  
  2.4076  	2.7301     	0.0595314  
  2.4088  	2.73648    	0.0598751  
  2.41    	2.7429     	0.0602216  
  2.4112  	2.74935    	0.0605712  
  2.4124  	2.75585    	0.0609237  
  2.4136  	2.76239    	0.0612792  
  2.4148  	2.76896    	0.0616378  
  2.416   	2.77557    	0.0619995  
  2.4172  	2.78222    	0.0623643  
  2.4184  	2.78892    	0.0627323  
  2.4196  	2.79565    	0.0631035  
  2.4208  	2.80242    	0.0634779  
  2.422   	2.80924    	0.0638556  
  2.4232  	2.8161     	0.0642366  
  2.4244  	2.82299    	0.064621   
  2.4256  	2.82994    	0.0650087  
  2.4268  	2.83692    	0.0653999  
  2.428   	2.84395    	0.0657946  
  2.4292  	2.85102    	0.0661927  
  2.4304  	2.85813    	0.0665945  
  2.4316  	2.86529    	0.0669998  
  2.4328  	2.87249    	0.0674087  
  2.434   	2.87974    	0.0678213  
  2.4352  	2.88703    	0.0682377  
  2.4364  	2.89437    	0.0686578  
  2.4376  	2.90176    	0.0690817  
  2.4388  	2.90919    	0.0695095  
  2.44    	2.91667    	0.0699412  
  2.4412  	2.9242     	0.0703768  
  2.4424  	2.93177    	0.0708165  
  2.4436  	2.9394     	0.0712601  
  2.4448  	2.94707    	0.0717079  
  2.446   	2.95479    	0.0721598  
  2.4472  	2.96257    	0.0726159  
  2.4484  	2.97039    	0.0730763  
  2.4496  	2.97827    	0.0735409  
  2.4508  	2.98619    	0.0740099  
  2.452   	2.99417    	0.0744833  
  2.4532  	3.0022     	0.0749612  
  2.4544  	3.01028    	0.0754436  
  2.4556  	3.01842    	0.0759305  
  2.4568  	3.02661    	0.0764221  
  2.458   	3.03486    	0.0769183  
  2.4592  	3.04316    	0.0774193  
  2.4604  	3.05152    	0.0779251  
  2.4616  	3.05993    	0.0784358  
  2.4628  	3.0684     	0.0789513  
  2.464   	3.07693    	0.0794719  
  2.4652  	3.08551    	0.0799975  
  2.4664  	3.09416    	0.0805282  
  2.4676  	3.10286    	0.0810641  
  2.4688  	3.11162    	0.0816052  
  2.47    	3.12045    	0.0821517  
  2.4712  	3.12933    	0.0827035  
  2.4724  	3.13828    	0.0832608  
  2.4736  	3.14728    	0.0838236  
  2.4748  	3.15636    	0.084392   
  2.476   	3.16549    	0.084966   
  2.4772  	3.17469    	0.0855458  
  2.4784  	3.18395    	0.0861314  
  2.4796  	3.19328    	0.0867229  
  2.4808  	3.20268    	0.0873203  
  2.482   	3.21214    	0.0879238  
  2.4832  	3.22167    	0.0885335  
  2.4844  	3.23127    	0.0891493  
  2.4856  	3.24094    	0.0897714  
  2.4868  	3.25068    	0.0903999  
  2.488   	3.26049    	0.0910348  
  2.4892  	3.27037    	0.0916763  
  2.4904  	3.28032    	0.0923244  
  2.4916  	3.29035    	0.0929793  
  2.4928  	3.30045    	0.0936409  
  2.494   	3.31062    	0.0943095  
  2.4952  	3.32087    	0.094985   
  2.4964  	3.3312     	0.0956677  
  2.4976  	3.3416     	0.0963575  
  2.4988  	3.35208    	0.0970546  
  2.5     	3.36264    	0.0977592  
  2.5012  	3.37328    	0.0984712  
  2.5024  	3.384      	0.0991908  
  2.5036  	3.3948     	0.0999181  
  2.5048  	3.40569    	0.100653   
  2.506   	3.41666    	0.101396   
  2.5072  	3.42771    	0.102147   
  2.5084  	3.43885    	0.102907   
  2.5096  	3.45007    	0.103674   
  2.5108  	3.46138    	0.10445    
  2.512   	3.47278    	0.105234   
  2.5132  	3.48427    	0.106027   
  2.5144  	3.49585    	0.106829   
  2.5156  	3.50752    	0.10764    
  2.5168  	3.51929    	0.108459   
  2.518   	3.53115    	0.109288   
  2.5192  	3.5431     	0.110126   
  2.5204  	3.55515    	0.110973   
  2.5216  	3.56729    	0.11183    
  2.5228  	3.57954    	0.112696   
  2.524   	3.59188    	0.113573   
  2.5252  	3.60432    	0.114459   
  2.5264  	3.61687    	0.115355   
  2.5276  	3.62952    	0.116262   
  2.5288  	3.64227    	0.117179   
  2.53    	3.65513    	0.118107   
  2.5312  	3.6681     	0.119045   
  2.5324  	3.68117    	0.119994   
  2.5336  	3.69436    	0.120954   
  2.5348  	3.70765    	0.121925   
  2.536   	3.72106    	0.122908   
  2.5372  	3.73458    	0.123902   
  2.5384  	3.74822    	0.124908   
  2.5396  	3.76197    	0.125926   
  2.5408  	3.77585    	0.126956   
  2.542   	3.78984    	0.127998   
  2.5432  	3.80395    	0.129053   
  2.5444  	3.81819    	0.13012    
  2.5456  	3.83255    	0.131201   
  2.5468  	3.84704    	0.132294   
  2.548   	3.86165    	0.1334     
  2.5492  	3.8764     	0.13452    
  2.5504  	3.89127    	0.135653   
  2.5516  	3.90628    	0.136801   
  2.5528  	3.92143    	0.137962   
  2.554   	3.93671    	0.139138   
  2.5552  	3.95213    	0.140328   
  2.5564  	3.96769    	0.141533   
  2.5576  	3.98339    	0.142754   
  2.5588  	3.99923    	0.143989   
  2.56    	4.01522    	0.14524    
  2.5612  	4.03136    	0.146506   
  2.5624  	4.04765    	0.147789   
  2.5636  	4.0641     	0.149088   
  2.5648  	4.08069    	0.150403   
  2.566   	4.09745    	0.151735   
  2.5672  	4.11436    	0.153084   
  2.5684  	4.13143    	0.154451   
  2.5696  	4.14867    	0.155835   
  2.5708  	4.16607    	0.157237   
  2.572   	4.18365    	0.158657   
  2.5732  	4.20139    	0.160096   
  2.5744  	4.2193     	0.161553   
  2.5756  	4.23739    	0.16303    
  2.5768  	4.25566    	0.164526   
  2.578   	4.27411    	0.166042   
  2.5792  	4.29274    	0.167579   
  2.5804  	4.31156    	0.169135   
  2.5816  	4.33057    	0.170713   
  2.5828  	4.34977    	0.172311   
  2.584   	4.36916    	0.173931   
  2.5852  	4.38876    	0.175573   
  2.5864  	4.40855    	0.177237   
  2.5876  	4.42855    	0.178924   
  2.5888  	4.44875    	0.180634   
  2.59    	4.46916    	0.182368   
  2.5912  	4.48979    	0.184125   
  2.5924  	4.51064    	0.185906   
  2.5936  	4.5317     	0.187713   
  2.5948  	4.55299    	0.189544   
  2.596   	4.5745     	0.191401   
  2.5972  	4.59625    	0.193284   
  2.5984  	4.61823    	0.195193   
  2.5996  	4.64045    	0.197129   
  2.6008  	4.66291    	0.199093   
  2.602   	4.68562    	0.201085   
  2.6032  	4.70858    	0.203105   
  2.6044  	4.73179    	0.205154   
  2.6056  	4.75526    	0.207233   
  2.6068  	4.779      	0.209341   
  2.608   	4.803      	0.21148    
  2.6092  	4.82727    	0.21365    
  2.6104  	4.85182    	0.215852   
  2.6116  	4.87666    	0.218086   
  2.6128  	4.90177    	0.220353   
  2.614   	4.92718    	0.222653   
  2.6152  	4.95289    	0.224987   
  2.6164  	4.9789     	0.227356   
  2.6176  	5.00521    	0.22976    
  2.6188  	5.03184    	0.2322     
  2.62    	5.05878    	0.234677   
  2.6212  	5.08605    	0.237191   
  2.6224  	5.11365    	0.239743   
  2.6236  	5.14158    	0.242333   
  2.6248  	5.16986    	0.244963   
  2.626   	5.19848    	0.247634   
  2.6272  	5.22745    	0.250345   
  2.6284  	5.25679    	0.253098   
  2.6296  	5.2865     	0.255893   
  2.6308  	5.31658    	0.258732   
  2.632   	5.34704    	0.261615   
  2.6332  	5.37789    	0.264543   
  2.6344  	5.40914    	0.267516   
  2.6356  	5.44079    	0.270537   
  2.6368  	5.47285    	0.273605   
  2.638   	5.50533    	0.276721   
  2.6392  	5.53825    	0.279887   
  2.6404  	5.5716     	0.283104   
  2.6416  	5.60539    	0.286371   
  2.6428  	5.63964    	0.289691   
  2.644   	5.67436    	0.293065   
  2.6452  	5.70955    	0.296493   
  2.6464  	5.74522    	0.299976   
  2.6476  	5.78139    	0.303516   
  2.6488  	5.81806    	0.307113   
  2.65    	5.85524    	0.31077    
  2.6512  	5.89295    	0.314486   
  2.6524  	5.9312     	0.318264   
  2.6536  	5.97       	0.322103   
  2.6548  	6.00936    	0.326007   
  2.656   	6.04929    	0.329975   
  2.6572  	6.0898     	0.334009   
  2.6584  	6.13092    	0.33811    
  2.6596  	6.17264    	0.34228    
  2.6608  	6.21499    	0.34652    
  2.662   	6.25799    	0.350832   
  2.6632  	6.30163    	0.355216   
  2.6644  	6.34595    	0.359675   
  2.6656  	6.39096    	0.364209   
  2.6668  	6.43666    	0.36882    
  2.668   	6.48309    	0.37351    
  2.6692  	6.53025    	0.378281   
  2.6704  	6.57816    	0.383133   
  2.6716  	6.62685    	0.388068   
  2.6728  	6.67633    	0.393089   
  2.674   	6.72662    	0.398196   
  2.6752  	6.77775    	0.403392   
  2.6764  	6.82972    	0.408678   
  2.6776  	6.88257    	0.414056   
  2.6788  	6.93632    	0.419527   
  2.68    	6.99099    	0.425094   
  2.6812  	7.04661    	0.430759   
  2.6824  	7.10319    	0.436522   
  2.6836  	7.16077    	0.442387   
  2.6848  	7.21938    	0.448355   
  2.686   	7.27903    	0.454427   
  2.6872  	7.33977    	0.460607   
  2.6884  	7.40162    	0.466896   
  2.6896  	7.46461    	0.473296   
  2.6908  	7.52878    	0.479809   
  2.692   	7.59415    	0.486437   
  2.6932  	7.66077    	0.493183   
  2.6944  	7.72867    	0.500048   
  2.6956  	7.79789    	0.507036   
  2.6968  	7.86847    	0.514147   
  2.698   	7.94046    	0.521384   
  2.6992  	8.01388    	0.52875    
  2.7004  	8.0888     	0.536247   
  2.7016  	8.16525    	0.543877   
  2.7028  	8.24328    	0.551642   
  2.704   	8.32296    	0.559545   
  2.7052  	8.40432    	0.567588   
  2.7064  	8.48744    	0.575773   
  2.7076  	8.57235    	0.584103   
  2.7088  	8.65914    	0.592581   
  2.71    	8.74786    	0.601207   
  2.7112  	8.83857    	0.609986   
  2.7124  	8.93136    	0.618919   
  2.7136  	9.02629    	0.628009   
  2.7148  	9.12344    	0.637258   
  2.716   	9.2229     	0.646668   
  2.7172  	9.32474    	0.656242   
  2.7184  	9.42907    	0.665982   
  2.7196  	9.53597    	0.67589    
  2.7208  	9.64555    	0.685969   
  2.722   	9.75792    	0.69622    
  2.7232  	9.87317    	0.706647   
  2.7244  	9.99144    	0.71725    
  2.7256  	10.1128    	0.728033   
  2.7268  	10.2375    	0.738997   
  2.728   	10.3656    	0.750144   
  2.7292  	10.4972    	0.761477   
  2.7304  	10.6326    	0.772996   
  2.7316  	10.7718    	0.784704   
  2.7328  	10.9151    	0.796603   
  2.734   	11.0626    	0.808693   
  2.7352  	11.2145    	0.820977   
  2.7364  	11.3711    	0.833456   
  2.7376  	11.5326    	0.846131   
  2.7388  	11.6992    	0.859003   
  2.74    	11.8711    	0.872073   
  2.7412  	12.0488    	0.885342   
  2.7424  	12.2323    	0.898811   
  2.7436  	12.4221    	0.912481   
  2.7448  	12.6185    	0.926352   
  2.746   	12.8219    	0.940424   
  2.7472  	13.0326    	0.954698   
  2.7484  	13.2511    	0.969173   
  2.7496  	13.4778    	0.98385    
  2.7508  	13.7132    	0.998728   
  2.752   	13.9578    	1.01381    
  2.7532  	14.2122    	1.02909    
  2.7544  	14.4771    	1.04457    
  2.7556  	14.7531    	1.06024    
  2.7568  	15.0409    	1.07612    
  2.758   	15.3413    	1.0922     
  2.7592  	15.6552    	1.10847    
  2.7604  	15.9836    	1.12493    
  2.7616  	16.3275    	1.1416     
  2.7628  	16.688     	1.15845    
  2.764   	17.0664    	1.1755     
  2.7652  	17.4641    	1.19274    
  2.7664  	17.8826    	1.21017    
  2.7676  	18.3237    	1.2278     
  2.7688  	18.7892    	1.24561    
  2.77    	19.2812    	1.26362    
  2.7712  	19.8021    	1.28182    
  2.7724  	20.3545    	1.30021    
  2.7736  	20.9415    	1.3188     
  2.7748  	21.5663    	1.33759    
  2.776   	22.2328    	1.35657    
  2.7772  	22.9453    	1.37576    
  2.7784  	23.7087    	1.39516    
  2.7796  	24.5287    	1.41477    
  2.7808  	25.4118    	1.43459    
  2.782   	26.3656    	1.45463    
  2.7832  	27.399     	1.47489    
  2.7844  	28.5223    	1.49538    
  2.7856  	29.7476    	1.51608    
  2.7868  	31.0896    	1.53699    
  2.788   	32.5657    	1.55809    
  2.7892  	34.1968    	1.57933    
  2.7904  	36.0088    	1.60067    
  2.7916  	38.0332    	1.62199    
  2.7928  	40.3096    	1.64314    
  2.794   	42.8879    	1.66385    
  2.7952  	45.8321    	1.68373    
  2.7964  	49.2256    	1.70213    
  2.7976  	53.1795    	1.71801    
  2.7988  	57.8443    	1.72968    
  2.8     	63.43      	1.73429    
  2.8012  	70.238     	1.72696    
  2.8024  	78.7176    	1.69891    
  2.8036  	89.5686    	1.63358    
  2.8048  	103.945    	1.49764    
  2.806   	123.893    	1.21766    
  2.8072  	153.424    	0.610831   
  2.8084  	201.61     	-0.868513  
  2.8096  	294.227    	-5.41065   
  2.8108  	544.644    	-28.9315   
  2.812   	3117.08    	-1504.52   
  2.8132  	-751.458   	-84.2698   
  2.8144  	-344.688   	-19.3741   
  2.8156  	-223.24    	-8.53749   
  2.8168  	-164.973   	-4.70863   
  2.818   	-130.779   	-2.87397   
  2.8192  	-108.298   	-1.83414   
  2.8204  	-92.3954   	-1.17862   
  2.8216  	-80.5541   	-0.734005  
  2.8228  	-71.3959   	-0.415989  
  2.824   	-64.1029   	-0.179254  
  2.8252  	-58.1587   	0.0025042  
  2.8264  	-53.2216   	0.145487   
  2.8276  	-49.0562   	0.260168   
  2.8288  	-45.495    	0.353593   
  2.83    	-42.416    	0.430658   
  2.8312  	-39.7278   	0.49487    
  2.8324  	-37.3605   	0.548796   
  2.8336  	-35.2603   	0.594361   
  2.8348  	-33.3846   	0.633034   
  2.836   	-31.6993   	0.665957   
  2.8372  	-30.1769   	0.694026   
  2.8384  	-28.7951   	0.717962   
  2.8396  	-27.5353   	0.738346   
  2.8408  	-26.3821   	0.755653   
  2.842   	-25.3226   	0.770277   
  2.8432  	-24.3459   	0.782548   
  2.8444  	-23.4427   	0.792742   
  2.8456  	-22.6049   	0.801096   
  2.8468  	-21.8259   	0.807811   
  2.848   	-21.0995   	0.813063   
  2.8492  	-20.4207   	0.817002   
  2.8504  	-19.785    	0.819763   
  2.8516  	-19.1883   	0.82146    
  2.8528  	-18.6272   	0.822198   
  2.854   	-18.0986   	0.822069   
  2.8552  	-17.5997   	0.821155   
  2.8564  	-17.1281   	0.819529   
  2.8576  	-16.6816   	0.817258   
  2.8588  	-16.2583   	0.814401   
  2.86    	-15.8563   	0.811014   
  2.8612  	-15.4741   	0.807145   
  2.8624  	-15.1102   	0.802841   
  2.8636  	-14.7634   	0.798142   
  2.8648  	-14.4324   	0.793085   
  2.866   	-14.1162   	0.787707   
  2.8672  	-13.8138   	0.782039   
  2.8684  	-13.5243   	0.77611    
  2.8696  	-13.2469   	0.769948   
  2.8708  	-12.9808   	0.763577   
  2.872   	-12.7253   	0.757021   
  2.8732  	-12.4798   	0.750302   
  2.8744  	-12.2437   	0.743439   
  2.8756  	-12.0165   	0.73645    
  2.8768  	-11.7976   	0.729353   
  2.878   	-11.5866   	0.722163   
  2.8792  	-11.3831   	0.714896   
  2.8804  	-11.1866   	0.707563   
  2.8816  	-10.9969   	0.700179   
  2.8828  	-10.8134   	0.692754   
  2.884   	-10.636    	0.6853     
  2.8852  	-10.4643   	0.677825   
  2.8864  	-10.2981   	0.67034    
  2.8876  	-10.137    	0.662853   
  2.8888  	-9.98087   	0.655372   
  2.89    	-9.82942   	0.647904   
  2.8912  	-9.68245   	0.640454   
  2.8924  	-9.53976   	0.633031   
  2.8936  	-9.40116   	0.625639   
  2.8948  	-9.26647   	0.618283   
  2.896   	-9.13552   	0.610968   
  2.8972  	-9.00814   	0.603698   
  2.8984  	-8.88419   	0.596478   
  2.8996  	-8.76354   	0.58931    
  2.9008  	-8.64603   	0.582198   
  2.902   	-8.53155   	0.575145   
  2.9032  	-8.41998   	0.568154   
  2.9044  	-8.3112    	0.561227   
  2.9056  	-8.2051    	0.554365   
  2.9068  	-8.10159   	0.547571   
  2.908   	-8.00056   	0.540847   
  2.9092  	-7.90193   	0.534194   
  2.9104  	-7.80561   	0.527612   
  2.9116  	-7.71151   	0.521104   
  2.9128  	-7.61956   	0.51467    
  2.914   	-7.52967   	0.508311   
  2.9152  	-7.44179   	0.502028   
  2.9164  	-7.35583   	0.49582    
  2.9176  	-7.27174   	0.489689   
  2.9188  	-7.18945   	0.483634   
  2.92    	-7.1089    	0.477656   
  2.9212  	-7.03004   	0.471755   
  2.9224  	-6.95282   	0.465931   
  2.9236  	-6.87717   	0.460183   
  2.9248  	-6.80306   	0.454511   
  2.926   	-6.73042   	0.448916   
  2.9272  	-6.65923   	0.443396   
  2.9284  	-6.58943   	0.437952   
  2.9296  	-6.52098   	0.432583   
  2.9308  	-6.45384   	0.427288   
  2.932   	-6.38798   	0.422067   
  2.9332  	-6.32336   	0.416919   
  2.9344  	-6.25993   	0.411844   
  2.9356  	-6.19768   	0.406841   
  2.9368  	-6.13655   	0.401909   
  2.938   	-6.07653   	0.397048   
  2.9392  	-6.01759   	0.392256   
  2.9404  	-5.95968   	0.387534   
  2.9416  	-5.90279   	0.382881   
  2.9428  	-5.84689   	0.378295   
  2.944   	-5.79195   	0.373775   
  2.9452  	-5.73795   	0.369322   
  2.9464  	-5.68486   	0.364934   
  2.9476  	-5.63265   	0.36061    
  2.9488  	-5.58132   	0.356349   
  2.95    	-5.53083   	0.352152   
  2.9512  	-5.48116   	0.348016   
  2.9524  	-5.43229   	0.343941   
  2.9536  	-5.38421   	0.339926   
  2.9548  	-5.33689   	0.335971   
  2.956   	-5.29032   	0.332073   
  2.9572  	-5.24447   	0.328234   
  2.9584  	-5.19934   	0.324451   
  2.9596  	-5.1549    	0.320724   
  2.9608  	-5.11113   	0.317053   
  2.962   	-5.06803   	0.313435   
  2.9632  	-5.02558   	0.309871   
  2.9644  	-4.98376   	0.306359   
  2.9656  	-4.94256   	0.3029     
  2.9668  	-4.90196   	0.299491   
  2.968   	-4.86195   	0.296132   
  2.9692  	-4.82252   	0.292823   
  2.9704  	-4.78365   	0.289563   
  2.9716  	-4.74534   	0.28635    
  2.9728  	-4.70757   	0.283185   
  2.974   	-4.67033   	0.280066   
  2.9752  	-4.63361   	0.276992   
  2.9764  	-4.59739   	0.273963   
  2.9776  	-4.56167   	0.270979   
  2.9788  	-4.52644   	0.268038   
  2.98    	-4.49169   	0.26514    
  2.9812  	-4.4574    	0.262283   
  2.9824  	-4.42357   	0.259469   
  2.9836  	-4.39019   	0.256694   
  2.9848  	-4.35724   	0.25396    
  2.986   	-4.32473   	0.251265   
  2.9872  	-4.29264   	0.248609   
  2.9884  	-4.26097   	0.245991   
  2.9896  	-4.2297    	0.243411   
  2.9908  	-4.19882   	0.240867   
  2.992   	-4.16834   	0.238359   
  2.9932  	-4.13824   	0.235887   
  2.9944  	-4.10852   	0.233451   
  2.9956  	-4.07917   	0.231048   
  2.9968  	-4.05018   	0.22868    
  2.998   	-4.02154   	0.226345   
  2.9992  	-3.99325   	0.224042   
  3.0004  	-3.96531   	0.221772   
  3.0016  	-3.9377    	0.219534   
  3.0028  	-3.91042   	0.217326   
  3.004   	-3.88347   	0.21515    
  3.0052  	-3.85683   	0.213003   
  3.0064  	-3.8305    	0.210887   
  3.0076  	-3.80449   	0.208799   
  3.0088  	-3.77877   	0.20674    
  3.01    	-3.75335   	0.20471    
  3.0112  	-3.72823   	0.202707   
  3.0124  	-3.70339   	0.200731   
  3.0136  	-3.67883   	0.198782   
  3.0148  	-3.65455   	0.19686    
  3.016   	-3.63054   	0.194964   
  3.0172  	-3.60679   	0.193093   
  3.0184  	-3.58331   	0.191248   
  3.0196  	-3.56009   	0.189427   
  3.0208  	-3.53712   	0.18763    
  3.022   	-3.51441   	0.185858   
  3.0232  	-3.49194   	0.184109   
  3.0244  	-3.46971   	0.182383   
  3.0256  	-3.44772   	0.18068    
  3.0268  	-3.42596   	0.178999   
  3.028   	-3.40444   	0.17734    
  3.0292  	-3.38314   	0.175704   
  3.0304  	-3.36207   	0.174088   
  3.0316  	-3.34121   	0.172494   
  3.0328  	-3.32057   	0.17092    
  3.034   	-3.30015   	0.169367   
  3.0352  	-3.27993   	0.167833   
  3.0364  	-3.25992   	0.166319   
  3.0376  	-3.24012   	0.164825   
  3.0388  	-3.22051   	0.16335    
  3.04    	-3.2011    	0.161894   
  3.0412  	-3.18189   	0.160456   
  3.0424  	-3.16287   	0.159036   
  3.0436  	-3.14403   	0.157634   
  3.0448  	-3.12538   	0.15625    
  3.046   	-3.10692   	0.154884   
  3.0472  	-3.08863   	0.153534   
  3.0484  	-3.07053   	0.152201   
  3.0496  	-3.05259   	0.150885   
  3.0508  	-3.03483   	0.149585   
  3.052   	-3.01724   	0.148301   
  3.0532  	-2.99982   	0.147033   
  3.0544  	-2.98256   	0.14578    
  3.0556  	-2.96547   	0.144543   
  3.0568  	-2.94853   	0.143321   
  3.058   	-2.93176   	0.142114   
  3.0592  	-2.91514   	0.140921   
  3.0604  	-2.89867   	0.139743   
  3.0616  	-2.88236   	0.138579   
  3.0628  	-2.86619   	0.137429   
  3.064   	-2.85018   	0.136293   
  3.0652  	-2.8343    	0.135171   
  3.0664  	-2.81858   	0.134061   
  3.0676  	-2.80299   	0.132965   
  3.0688  	-2.78754   	0.131882   
  3.07    	-2.77223   	0.130812   
  3.0712  	-2.75706   	0.129754   
  3.0724  	-2.74202   	0.128709   
  3.0736  	-2.72712   	0.127675   
  3.0748  	-2.71234   	0.126654   
  3.076   	-2.69769   	0.125645   
  3.0772  	-2.68317   	0.124647   
  3.0784  	-2.66878   	0.123661   
  3.0796  	-2.65451   	0.122687   
  3.0808  	-2.64036   	0.121723   
  3.082   	-2.62633   	0.120771   
  3.0832  	-2.61242   	0.119829   
  3.0844  	-2.59863   	0.118898   
  3.0856  	-2.58496   	0.117978   
  3.0868  	-2.5714    	0.117068   
  3.088   	-2.55795   	0.116168   
  3.0892  	-2.54462   	0.115278   
  3.0904  	-2.53139   	0.114399   
  3.0916  	-2.51828   	0.113529   
  3.0928  	-2.50527   	0.112668   
  3.094   	-2.49237   	0.111818   
  3.0952  	-2.47957   	0.110977   
  3.0964  	-2.46688   	0.110145   
  3.0976  	-2.45429   	0.109322   
  3.0988  	-2.4418    	0.108508   
  3.1     	-2.42941   	0.107703   
  3.1012  	-2.41712   	0.106907   
  3.1024  	-2.40493   	0.10612    
  3.1036  	-2.39283   	0.105341   
  3.1048  	-2.38083   	0.10457    
  3.106   	-2.36892   	0.103808   
  3.1072  	-2.35711   	0.103054   
  3.1084  	-2.34539   	0.102308   
  3.1096  	-2.33376   	0.10157    
  3.1108  	-2.32222   	0.10084    
  3.112   	-2.31076   	0.100117   
  3.1132  	-2.2994    	0.0994026  
  3.1144  	-2.28812   	0.0986953  
  3.1156  	-2.27693   	0.0979955  
  3.1168  	-2.26582   	0.0973031  
  3.118   	-2.2548    	0.0966179  
  3.1192  	-2.24385   	0.0959398  
  3.1204  	-2.23299   	0.0952688  
  3.1216  	-2.22222   	0.0946048  
  3.1228  	-2.21152   	0.0939476  
  3.124   	-2.2009    	0.0932972  
  3.1252  	-2.19036   	0.0926535  
  3.1264  	-2.17989   	0.0920163  
  3.1276  	-2.1695    	0.0913857  
  3.1288  	-2.15919   	0.0907615  
  3.13    	-2.14895   	0.0901437  
  3.1312  	-2.13879   	0.0895321  
  3.1324  	-2.1287    	0.0889267  
  3.1336  	-2.11868   	0.0883274  
  3.1348  	-2.10874   	0.0877341  
  3.136   	-2.09886   	0.0871467  
  3.1372  	-2.08906   	0.0865653  
  3.1384  	-2.07932   	0.0859896  
  3.1396  	-2.06965   	0.0854196  
  3.1408  	-2.06005   	0.0848553  
  3.142   	-2.05052   	0.0842966  
  3.1432  	-2.04105   	0.0837434  
  3.1444  	-2.03165   	0.0831956  
  3.1456  	-2.02231   	0.0826532  
  3.1468  	-2.01304   	0.082116   
  3.148   	-2.00383   	0.0815842  
  3.1492  	-1.99469   	0.0810575  
  3.1504  	-1.98561   	0.0805359  
  3.1516  	-1.97658   	0.0800193  
  3.1528  	-1.96762   	0.0795077  
  3.154   	-1.95872   	0.079001   
  3.1552  	-1.94988   	0.0784992  
  3.1564  	-1.9411    	0.0780022  
  3.1576  	-1.93238   	0.07751    
  3.1588  	-1.92371   	0.0770224  
  3.16    	-1.91511   	0.0765395  
  3.1612  	-1.90656   	0.0760611  
  3.1624  	-1.89806   	0.0755872  
  3.1636  	-1.88962   	0.0751178  
  3.1648  	-1.88124   	0.0746528  
  3.166   	-1.87291   	0.0741922  
  3.1672  	-1.86463   	0.0737359  
  3.1684  	-1.85641   	0.0732838  
  3.1696  	-1.84824   	0.0728359  
  3.1708  	-1.84012   	0.0723922  
  3.172   	-1.83206   	0.0719525  
  3.1732  	-1.82404   	0.071517   
  3.1744  	-1.81608   	0.0710854  
  3.1756  	-1.80817   	0.0706578  
  3.1768  	-1.8003    	0.0702341  
  3.178   	-1.79249   	0.0698143  
  3.1792  	-1.78473   	0.0693983  
  3.1804  	-1.77701   	0.0689861  
  3.1816  	-1.76934   	0.0685776  
  3.1828  	-1.76172   	0.0681728  
  3.184   	-1.75415   	0.0677717  
  3.1852  	-1.74662   	0.0673741  
  3.1864  	-1.73914   	0.0669801  
  3.1876  	-1.7317    	0.0665897  
  3.1888  	-1.72431   	0.0662028  
  3.19    	-1.71697   	0.0658192  
  3.1912  	-1.70967   	0.0654391  
  3.1924  	-1.70241   	0.0650624  
  3.1936  	-1.69519   	0.064689   
  3.1948  	-1.68802   	0.0643189  
  3.196   	-1.6809    	0.0639521  
  3.1972  	-1.67381   	0.0635884  
  3.1984  	-1.66677   	0.063228   
  3.1996  	-1.65977   	0.0628707  
  3.2008  	-1.65281   	0.0625165  
  3.202   	-1.64589   	0.0621654  
  3.2032  	-1.63901   	0.0618174  
  3.2044  	-1.63217   	0.0614723  
  3.2056  	-1.62537   	0.0611303  
  3.2068  	-1.61861   	0.0607911  
  3.208   	-1.61189   	0.0604549  
  3.2092  	-1.6052    	0.0601216  
  3.2104  	-1.59856   	0.0597912  
  3.2116  	-1.59195   	0.0594635  
  3.2128  	-1.58539   	0.0591387  
  3.214   	-1.57885   	0.0588166  
  3.2152  	-1.57236   	0.0584973  
  3.2164  	-1.5659    	0.0581806  
  3.2176  	-1.55948   	0.0578666  
  3.2188  	-1.5531    	0.0575553  
  3.22    	-1.54675   	0.0572466  
  3.2212  	-1.54043   	0.0569405  
  3.2224  	-1.53415   	0.0566369  
  3.2236  	-1.52791   	0.0563359  
  3.2248  	-1.5217    	0.0560374  
  3.226   	-1.51552   	0.0557413  
  3.2272  	-1.50938   	0.0554478  
  3.2284  	-1.50327   	0.0551566  
  3.2296  	-1.49719   	0.0548679  
  3.2308  	-1.49115   	0.0545815  
  3.232   	-1.48514   	0.0542975  
  3.2332  	-1.47916   	0.0540158  
  3.2344  	-1.47322   	0.0537365  
  3.2356  	-1.4673    	0.0534594  
  3.2368  	-1.46142   	0.0531846  
  3.238   	-1.45557   	0.052912   
  3.2392  	-1.44975   	0.0526417  
  3.2404  	-1.44396   	0.0523735  
  3.2416  	-1.4382    	0.0521075  
  3.2428  	-1.43248   	0.0518437  
  3.244   	-1.42678   	0.0515819  
  3.2452  	-1.42111   	0.0513223  
  3.2464  	-1.41547   	0.0510648  
  3.2476  	-1.40986   	0.0508094  
  3.2488  	-1.40428   	0.0505559  
  3.25    	-1.39873   	0.0503046  
  3.2512  	-1.3932    	0.0500552  
  3.2524  	-1.38771   	0.0498078  
  3.2536  	-1.38224   	0.0495623  
  3.2548  	-1.3768    	0.0493188  
  3.256   	-1.37139   	0.0490773  
  3.2572  	-1.36601   	0.0488376  
  3.2584  	-1.36065   	0.0485999  
  3.2596  	-1.35532   	0.048364   
  3.2608  	-1.35001   	0.0481299  
  3.262   	-1.34474   	0.0478977  
  3.2632  	-1.33949   	0.0476673  
  3.2644  	-1.33426   	0.0474387  
  3.2656  	-1.32906   	0.0472119  
  3.2668  	-1.32389   	0.0469869  
  3.268   	-1.31874   	0.0467636  
  3.2692  	-1.31362   	0.046542   
  3.2704  	-1.30852   	0.0463222  
  3.2716  	-1.30345   	0.0461041  
  3.2728  	-1.2984    	0.0458876  
  3.274   	-1.29337   	0.0456728  
  3.2752  	-1.28838   	0.0454597  
  3.2764  	-1.2834    	0.0452482  
  3.2776  	-1.27845   	0.0450383  
  3.2788  	-1.27352   	0.04483    
  3.28    	-1.26861   	0.0446234  
  3.2812  	-1.26373   	0.0444183  
  3.2824  	-1.25887   	0.0442147  
  3.2836  	-1.25404   	0.0440128  
  3.2848  	-1.24923   	0.0438123  
  3.286   	-1.24444   	0.0436134  
  3.2872  	-1.23967   	0.043416   
  3.2884  	-1.23492   	0.04322    
  3.2896  	-1.2302    	0.0430256  
  3.2908  	-1.2255    	0.0428326  
  3.292   	-1.22082   	0.0426411  
  3.2932  	-1.21616   	0.042451   
  3.2944  	-1.21152   	0.0422623  
  3.2956  	-1.20691   	0.0420751  
  3.2968  	-1.20231   	0.0418892  
  3.298   	-1.19774   	0.0417048  
  3.2992  	-1.19318   	0.0415217  
  3.3004  	-1.18865   	0.04134    
  3.3016  	-1.18414   	0.0411597  
  3.3028  	-1.17965   	0.0409807  
  3.304   	-1.17517   	0.040803   
  3.3052  	-1.17072   	0.0406266  
  3.3064  	-1.16629   	0.0404516  
  3.3076  	-1.16188   	0.0402778  
  3.3088  	-1.15748   	0.0401054  
  3.31    	-1.15311   	0.0399342  
  3.3112  	-1.14875   	0.0397642  
  3.3124  	-1.14442   	0.0395955  
  3.3136  	-1.1401    	0.0394281  
  3.3148  	-1.1358    	0.0392619  
  3.316   	-1.13152   	0.0390969  
  3.3172  	-1.12726   	0.0389332  
  3.3184  	-1.12302   	0.0387706  
  3.3196  	-1.11879   	0.0386092  
  3.3208  	-1.11459   	0.038449   
  3.322   	-1.1104    	0.03829    
  3.3232  	-1.10623   	0.0381321  
  3.3244  	-1.10207   	0.0379754  
  3.3256  	-1.09794   	0.0378198  
  3.3268  	-1.09382   	0.0376654  
  3.328   	-1.08972   	0.0375121  
  3.3292  	-1.08563   	0.0373599  
  3.3304  	-1.08156   	0.0372088  
  3.3316  	-1.07751   	0.0370588  
  3.3328  	-1.07348   	0.0369099  
  3.334   	-1.06946   	0.036762   
  3.3352  	-1.06546   	0.0366153  
  3.3364  	-1.06148   	0.0364696  
  3.3376  	-1.05751   	0.0363249  
  3.3388  	-1.05356   	0.0361813  
  3.34    	-1.04962   	0.0360388  
  3.3412  	-1.0457    	0.0358973  
  3.3424  	-1.0418    	0.0357568  
  3.3436  	-1.03791   	0.0356173  
  3.3448  	-1.03404   	0.0354788  
  3.346   	-1.03018   	0.0353413  
  3.3472  	-1.02634   	0.0352048  
  3.3484  	-1.02251   	0.0350693  
  3.3496  	-1.0187    	0.0349347  
  3.3508  	-1.0149    	0.0348011  
  3.352   	-1.01112   	0.0346685  
  3.3532  	-1.00735   	0.0345369  
  3.3544  	-1.0036    	0.0344061  
  3.3556  	-0.999859  	0.0342764  
  3.3568  	-0.996136  	0.0341475  
  3.358   	-0.992426  	0.0340196  
  3.3592  	-0.988731  	0.0338926  
  3.3604  	-0.985049  	0.0337665  
  3.3616  	-0.981382  	0.0336413  
  3.3628  	-0.977729  	0.0335171  
  3.364   	-0.974089  	0.0333937  
  3.3652  	-0.970464  	0.0332711  
  3.3664  	-0.966851  	0.0331495  
  3.3676  	-0.963253  	0.0330288  
  3.3688  	-0.959667  	0.0329089  
  3.37    	-0.956095  	0.0327898  
  3.3712  	-0.952537  	0.0326717  
  3.3724  	-0.948991  	0.0325543  
  3.3736  	-0.945458  	0.0324379  
  3.3748  	-0.941939  	0.0323222  
  3.376   	-0.938432  	0.0322074  
  3.3772  	-0.934938  	0.0320934  
  3.3784  	-0.931456  	0.0319802  
  3.3796  	-0.927987  	0.0318679  
  3.3808  	-0.924531  	0.0317563  
  3.382   	-0.921087  	0.0316456  
  3.3832  	-0.917655  	0.0315356  
  3.3844  	-0.914235  	0.0314265  
  3.3856  	-0.910827  	0.0313181  
  3.3868  	-0.907432  	0.0312105  
  3.388   	-0.904048  	0.0311037  
  3.3892  	-0.900676  	0.0309977  
  3.3904  	-0.897316  	0.0308924  
  3.3916  	-0.893968  	0.0307879  
  3.3928  	-0.890631  	0.0306841  
  3.394   	-0.887306  	0.0305811  
  3.3952  	-0.883992  	0.0304789  
  3.3964  	-0.880689  	0.0303773  
  3.3976  	-0.877398  	0.0302766  
  3.3988  	-0.874117  	0.0301765  
  3.4     	-0.870848  	0.0300772  
