 0.5 0
 2.81187 0
 2.8122 0.00245371
 2.8122 0.00245371
 2.8122 0.00245371
 2.8122 0.00245371
 2.8122 0.00245371
 2.8122 0.00245371
 2.8122 0.00245371
 2.8122 0.00245371
 2.8122 0.00245371
 2.8122 0.00245371
 2.8122 0.00245371
 2.8122 0.00245371
 2.8122 0.00245371
 2.8122 0.00245371
 2.8122 0.00245371
 2.8122 0.00245371
 2.8122 0.00245371
 2.8122 0.00245371
 2.8122 0.00245371
 2.8122 0.00245371
 2.8122 0.00245371
 2.8122 0.0024537
 2.8122 0.0024537
 2.8122 0.0024537
 2.8122 0.0024537
 2.8122 0.0024537
 2.8122 0.0024537
 2.8122 0.0024537
 2.8122 0.0024537
 2.8122 0.0024537
 2.8122 0.0024537
 2.8122 0.0024537
 2.8122 0.0024537
 2.8122 0.0024537
 2.8122 0.0024537
 2.8122 0.0024537
 2.8122 0.0024537
 2.8122 0.00245369
 2.8122 0.00245369
 2.8122 0.00245369
 2.8122 0.00245369
 2.8122 0.00245369
 2.81221 0.00245369
 2.81221 0.00245369
 2.81221 0.00245369
 2.81221 0.00245369
 2.81221 0.00245369
 2.81221 0.00245369
 2.81221 0.00245368
 2.81221 0.00245368
 2.81221 0.00245368
 2.81221 0.00245368
 2.81221 0.00245368
 2.81221 0.00245368
 2.81221 0.00245368
 2.81221 0.00245368
 2.81221 0.00245367
 2.81221 0.00245367
 2.81221 0.00245367
 2.81221 0.00245367
 2.81221 0.00245367
 2.81221 0.00245367
 2.81221 0.00245367
 2.81221 0.00245367
 2.81222 0.00245366
 2.81222 0.00245366
 2.81222 0.00245366
 2.81222 0.00245366
 2.81222 0.00245366
 2.81222 0.00245366
 2.81222 0.00245366
 2.81222 0.00245365
 2.81222 0.00245365
 2.81222 0.00245365
 2.81222 0.00245365
 2.81222 0.00245365
 2.81222 0.00245365
 2.81222 0.00245364
 2.81222 0.00245364
 2.81222 0.00245364
 2.81222 0.00245364
 2.81223 0.00245364
 2.81223 0.00245364
 2.81223 0.00245363
 2.81223 0.00245363
 2.81223 0.00245363
 2.81223 0.00245363
 2.81223 0.00245363
 2.81223 0.00245362
 2.81223 0.00245362
 2.81223 0.00245362
 2.81223 0.00245362
 2.81223 0.00245362
 2.81223 0.00245361
 2.81224 0.00245361
 2.81224 0.00245361
 2.81224 0.00245361
 2.81224 0.00245361
 2.81224 0.0024536
 2.81224 0.0024536
 2.81224 0.0024536
 2.81224 0.0024536
 2.81224 0.0024536
 2.81224 0.00245359
 2.81224 0.00245359
 2.81224 0.00245359
 2.81225 0.00245359
 2.81225 0.00245358
 2.81225 0.00245358
 2.81225 0.00245358
 2.81225 0.00245358
 2.81225 0.00245357
 2.81225 0.00245357
 2.81225 0.00245357
 2.81225 0.00245357
 2.81225 0.00245356
 2.81225 0.00245356
 2.81226 0.00245356
 2.81226 0.00245356
 2.81226 0.00245355
 2.81226 0.00245355
 2.81226 0.00245355
 2.81226 0.00245355
 2.81226 0.00245354
 2.81226 0.00245354
 2.81226 0.00245354
 2.81226 0.00245354
 2.81227 0.00245353
 2.81227 0.00245353
 2.81227 0.00245353
 2.81227 0.00245352
 2.81227 0.00245352
 2.81227 0.00245352
 2.81227 0.00245351
 2.81227 0.00245351
 2.81228 0.00245351
 2.81228 0.00245351
 2.81228 0.0024535
 2.81228 0.0024535
 2.81228 0.0024535
 2.81228 0.00245349
 2.81228 0.00245349
 2.81228 0.00245349
 2.81228 0.00245348
 2.81228 0.00245348
 2.81229 0.00245348
 2.81229 0.00245347
 2.81229 0.00245347
 2.81229 0.00245347
 2.81229 0.00245346
 2.81229 0.00245346
 2.81229 0.00245346
 2.81229 0.00245346
 2.8123 0.00245345
 2.8123 0.00245345
 2.8123 0.00245344
 2.8123 0.00245344
 2.8123 0.00245343
 2.8123 0.00245343
 2.81231 0.00245343
 2.81231 0.00245343
 2.81231 0.00245342
 2.81231 0.00245342
 2.81231 0.00245341
 2.81231 0.00245341
 2.81231 0.00245341
 2.81231 0.00245341
 2.81232 0.0024534
 2.81232 0.0024534
 2.81232 0.00245339
 2.81232 0.00245339
 2.81232 0.00245338
 2.81232 0.00245338
 2.81232 0.00245338
 2.81232 0.00245337
 2.81233 0.00245337
 2.81233 0.00245337
 2.81233 0.00245336
 2.81233 0.00245336
 2.81233 0.00245335
 2.81233 0.00245335
 2.81234 0.00245334
 2.81234 0.00245334
 2.81234 0.00245333
 2.81234 0.00245333
 2.81234 0.00245333
 2.81234 0.00245332
 2.81235 0.00245332
 2.81235 0.00245332
 2.81235 0.00245331
 2.81235 0.00245331
 2.81235 0.0024533
 2.81235 0.0024533
 2.81236 0.00245329
 2.81236 0.00245329
 2.81236 0.00245328
 2.81236 0.00245328
 2.81236 0.00245327
 2.81236 0.00245327
 2.81237 0.00245327
 2.81237 0.00245326
 2.81237 0.00245326
 2.81237 0.00245325
 2.81237 0.00245325
 2.81237 0.00245324
 2.81238 0.00245324
 2.81238 0.00245323
 2.81238 0.00245323
 2.81238 0.00245322
 2.81238 0.00245322
 2.81238 0.00245322
 2.81239 0.00245321
 2.81239 0.00245321
 2.81239 0.0024532
 2.81239 0.0024532
 2.81239 0.00245319
 2.81239 0.00245319
 2.8124 0.00245318
 2.8124 0.00245317
 2.8124 0.00245317
 2.8124 0.00245316
 2.8124 0.00245316
 2.81241 0.00245315
 2.81241 0.00245315
 2.81241 0.00245314
 2.81241 0.00245314
 2.81241 0.00245313
 2.81241 0.00245313
 2.81242 0.00245312
 2.81242 0.00245312
 2.81242 0.00245311
 2.81242 0.00245311
 2.81243 0.0024531
 2.81243 0.0024531
 2.81243 0.00245309
 2.81243 0.00245309
 2.81243 0.00245308
 2.81243 0.00245308
 2.81244 0.00245307
 2.81244 0.00245306
 2.81244 0.00245306
 2.81244 0.00245305
 2.81245 0.00245304
 2.81245 0.00245304
 2.81245 0.00245303
 2.81245 0.00245303
 2.81245 0.00245302
 2.81245 0.00245302
 2.81246 0.00245301
 2.81246 0.00245301
 2.81246 0.002453
 2.81246 0.002453
 2.81247 0.00245299
 2.81247 0.00245298
 2.81247 0.00245297
 2.81247 0.00245297
 2.81248 0.00245296
 2.81248 0.00245296
 2.81248 0.00245295
 2.81248 0.00245295
 2.81248 0.00245294
 2.81248 0.00245294
 2.81249 0.00245292
 2.81249 0.00245292
 2.81249 0.00245291
 2.81249 0.00245291
 2.8125 0.0024529
 2.8125 0.0024529
 2.8125 0.00245289
 2.8125 0.00245288
 2.81251 0.00245287
 2.81251 0.00245287
 2.81251 0.00245286
 2.81251 0.00245286
 2.81251 0.00245285
 2.81252 0.00245285
 2.81252 0.00245284
 2.81252 0.00245283
 2.81252 0.00245282
 2.81253 0.00245282
 2.81253 0.00245281
 2.81253 0.0024528
 2.81253 0.0024528
 2.81253 0.00245279
 2.81254 0.00245278
 2.81254 0.00245278
 2.81254 0.00245277
 2.81254 0.00245276
 2.81255 0.00245275
 2.81255 0.00245275
 2.81255 0.00245274
 2.81255 0.00245273
 2.81256 0.00245273
 2.81256 0.00245272
 2.81256 0.00245271
 2.81256 0.00245271
 2.81257 0.0024527
 2.81257 0.00245269
 2.81257 0.00245268
 2.81257 0.00245268
 2.81258 0.00245267
 2.81258 0.00245266
 2.81258 0.00245266
 2.81258 0.00245265
 2.81259 0.00245264
 2.81259 0.00245263
 2.81259 0.00245263
 2.8126 0.00245262
 2.8126 0.00245261
 2.8126 0.0024526
 2.8126 0.0024526
 2.81261 0.00245258
 2.81261 0.00245258
 2.81261 0.00245257
 2.81261 0.00245257
 2.81262 0.00245255
 2.81262 0.00245255
 2.81262 0.00245254
 2.81262 0.00245254
 2.81263 0.00245252
 2.81263 0.00245252
 2.81263 0.0024525
 2.81263 0.0024525
 2.81264 0.00245249
 2.81264 0.00245249
 2.81264 0.00245247
 2.81264 0.00245247
 2.81265 0.00245246
 2.81265 0.00245246
 2.81265 0.00245244
 2.81266 0.00245244
 2.81266 0.00245242
 2.81266 0.00245242
 2.81267 0.00245241
 2.81267 0.0024524
 2.81267 0.00245239
 2.81267 0.00245239
 2.81268 0.00245237
 2.81268 0.00245237
 2.81268 0.00245236
 2.81268 0.00245235
 2.81269 0.00245234
 2.81269 0.00245234
 2.81269 0.00245232
 2.8127 0.00245232
 2.8127 0.00245231
 2.8127 0.0024523
 2.81271 0.00245229
 2.81271 0.00245228
 2.81271 0.00245227
 2.81271 0.00245226
 2.81272 0.00245225
 2.81272 0.00245225
 2.81272 0.00245224
 2.81273 0.00245223
 2.81273 0.00245222
 2.81273 0.00245221
 2.81273 0.0024522
 2.81274 0.00245219
 2.81274 0.00245218
 2.81274 0.00245217
 2.81275 0.00245216
 2.81275 0.00245215
 2.81275 0.00245215
 2.81276 0.00245213
 2.81276 0.00245213
 2.81276 0.00245211
 2.81276 0.00245211
 2.81277 0.00245209
 2.81277 0.00245209
 2.81278 0.00245208
 2.81278 0.00245207
 2.81278 0.00245206
 2.81278 0.00245205
 2.81279 0.00245204
 2.81279 0.00245203
 2.81279 0.00245202
 2.81279 0.00245201
 2.8128 0.002452
 2.8128 0.002452
 2.81281 0.00245198
 2.81281 0.00245198
 2.81281 0.00245196
 2.81281 0.00245196
 2.81282 0.00245194
 2.81282 0.00245193
 2.81283 0.00245192
 2.81283 0.00245191
 2.81283 0.0024519
 2.81283 0.00245189
 2.81284 0.00245188
 2.81284 0.00245187
 2.81285 0.00245186
 2.81285 0.00245185
 2.81285 0.00245184
 2.81285 0.00245183
 2.81286 0.00245182
 2.81286 0.00245181
 2.81287 0.00245179
 2.81287 0.00245179
 2.81287 0.00245177
 2.81287 0.00245177
 2.81288 0.00245175
 2.81288 0.00245174
 2.81288 0.00245173
 2.81289 0.00245172
 2.81289 0.00245171
 2.8129 0.0024517
 2.8129 0.00245169
 2.8129 0.00245168
 2.81291 0.00245167
 2.81291 0.00245165
 2.81291 0.00245165
 2.81292 0.00245163
 2.81292 0.00245162
 2.81292 0.00245161
 2.81293 0.0024516
 2.81293 0.00245159
 2.81293 0.00245158
 2.81294 0.00245156
 2.81294 0.00245156
 2.81295 0.00245154
 2.81295 0.00245154
 2.81295 0.00245152
 2.81295 0.00245151
 2.81296 0.00245149
 2.81296 0.00245149
 2.81297 0.00245147
 2.81297 0.00245147
 2.81297 0.00245144
 2.81297 0.00245144
 2.81298 0.00245142
 2.81298 0.00245142
 2.81299 0.0024514
 2.81299 0.0024514
 2.813 0.00245138
 2.813 0.00245137
 2.813 0.00245135
 2.813 0.00245135
 2.81301 0.00245133
 2.81301 0.00245132
 2.81302 0.0024513
 2.81302 0.0024513
 2.81302 0.00245128
 2.81303 0.00245127
 2.81303 0.00245126
 2.81303 0.00245125
 2.81304 0.00245123
 2.81304 0.00245122
 2.81305 0.00245121
 2.81305 0.0024512
 2.81305 0.00245118
 2.81306 0.00245117
 2.81306 0.00245116
 2.81307 0.00245114
 2.81307 0.00245113
 2.81307 0.00245112
 2.81308 0.00245111
 2.81308 0.00245109
 2.81308 0.00245108
 2.81309 0.00245106
 2.81309 0.00245106
 2.8131 0.00245104
 2.8131 0.00245103
 2.81311 0.00245101
 2.81311 0.00245101
 2.81311 0.00245098
 2.81311 0.00245098
 2.81312 0.00245096
 2.81312 0.00245095
 2.81313 0.00245093
 2.81313 0.00245093
 2.81314 0.0024509
 2.81314 0.0024509
 2.81315 0.00245088
 2.81315 0.00245087
 2.81315 0.00245085
 2.81315 0.00245085
 2.81316 0.00245082
 2.81316 0.00245082
 2.81317 0.0024508
 2.81317 0.00245079
 2.81318 0.00245077
 2.81318 0.00245076
 2.81318 0.00245074
 2.81319 0.00245073
 2.81319 0.00245071
 2.8132 0.0024507
 2.8132 0.00245069
 2.8132 0.00245068
 2.81321 0.00245066
 2.81321 0.00245065
 2.81322 0.00245063
 2.81322 0.00245062
 2.81322 0.0024506
 2.81323 0.00245059
 2.81323 0.00245057
 2.81324 0.00245056
 2.81324 0.00245055
 2.81325 0.00245053
 2.81325 0.00245052
 2.81326 0.0024505
 2.81326 0.00245049
 2.81326 0.00245047
 2.81327 0.00245046
 2.81327 0.00245044
 2.81327 0.00245043
 2.81328 0.00245041
 2.81328 0.0024504
 2.81329 0.00245037
 2.81329 0.00245037
 2.8133 0.00245034
 2.8133 0.00245034
 2.81331 0.00245031
 2.81331 0.00245031
 2.81332 0.00245028
 2.81332 0.00245028
 2.81332 0.00245025
 2.81333 0.00245025
 2.81333 0.00245022
 2.81333 0.00245022
 2.81334 0.00245019
 2.81334 0.00245018
 2.81335 0.00245016
 2.81335 0.00245015
 2.81336 0.00245013
 2.81336 0.00245012
 2.81337 0.0024501
 2.81337 0.00245009
 2.81338 0.00245007
 2.81338 0.00245005
 2.81338 0.00245004
 2.81339 0.00245002
 2.81339 0.00245001
 2.8134 0.00244999
 2.8134 0.00244997
 2.81341 0.00244995
 2.81341 0.00244994
 2.81342 0.00244992
 2.81342 0.00244991
 2.81343 0.00244989
 2.81343 0.00244988
 2.81344 0.00244985
 2.81344 0.00244985
 2.81344 0.00244982
 2.81345 0.00244981
 2.81345 0.00244978
 2.81345 0.00244978
 2.81346 0.00244975
 2.81346 0.00244975
 2.81347 0.00244971
 2.81347 0.00244971
 2.81348 0.00244968
 2.81348 0.00244968
 2.81349 0.00244965
 2.81349 0.00244964
 2.8135 0.00244961
 2.8135 0.00244961
 2.81351 0.00244958
 2.81351 0.00244957
 2.81352 0.00244955
 2.81352 0.00244953
 2.81353 0.00244951
 2.81353 0.0024495
 2.81354 0.00244948
 2.81354 0.00244946
 2.81355 0.00244944
 2.81355 0.00244943
 2.81355 0.00244941
 2.81356 0.00244939
 2.81356 0.00244937
 2.81357 0.00244935
 2.81357 0.00244934
 2.81358 0.00244931
 2.81358 0.0024493
 2.81359 0.00244928
 2.81359 0.00244927
 2.8136 0.00244924
 2.8136 0.00244923
 2.81361 0.0024492
 2.81361 0.0024492
 2.81362 0.00244916
 2.81362 0.00244916
 2.81363 0.00244912
 2.81363 0.00244912
 2.81364 0.00244909
 2.81364 0.00244908
 2.81365 0.00244905
 2.81365 0.00244905
 2.81366 0.00244901
 2.81366 0.00244901
 2.81367 0.00244898
 2.81367 0.00244897
 2.81368 0.00244894
 2.81368 0.00244893
 2.81369 0.0024489
 2.81369 0.00244889
 2.8137 0.00244886
 2.8137 0.00244885
 2.81371 0.00244883
 2.81371 0.00244881
 2.81372 0.00244879
 2.81372 0.00244877
 2.81373 0.00244875
 2.81373 0.00244872
 2.81374 0.00244871
 2.81374 0.00244868
 2.81375 0.00244867
 2.81375 0.00244864
 2.81376 0.00244863
 2.81376 0.0024486
 2.81377 0.00244859
 2.81378 0.00244856
 2.81378 0.00244855
 2.81379 0.00244852
 2.81379 0.00244851
 2.8138 0.00244847
 2.8138 0.00244847
 2.81381 0.00244843
 2.81381 0.00244843
 2.81382 0.00244839
 2.81382 0.00244839
 2.81383 0.00244835
 2.81383 0.00244835
 2.81384 0.00244831
 2.81384 0.0024483
 2.81385 0.00244827
 2.81385 0.00244826
 2.81386 0.00244823
 2.81386 0.00244822
 2.81387 0.00244819
 2.81387 0.00244817
 2.81388 0.00244815
 2.81388 0.00244813
 2.81389 0.00244811
 2.81389 0.00244808
 2.8139 0.00244807
 2.81391 0.00244804
 2.81391 0.00244802
 2.81392 0.00244799
 2.81392 0.00244798
 2.81393 0.00244795
 2.81393 0.00244794
 2.81394 0.0024479
 2.81394 0.0024479
 2.81395 0.00244786
 2.81395 0.00244785
 2.81396 0.00244781
 2.81396 0.00244781
 2.81397 0.00244777
 2.81397 0.00244776
 2.81398 0.00244772
 2.81398 0.00244772
 2.81399 0.00244768
 2.814 0.00244767
 2.814 0.00244763
 2.81401 0.00244762
 2.81401 0.00244759
 2.81402 0.00244757
 2.81402 0.00244755
 2.81403 0.00244753
 2.81404 0.0024475
 2.81404 0.00244748
 2.81405 0.00244746
 2.81405 0.00244743
 2.81406 0.00244741
 2.81406 0.00244738
 2.81407 0.00244736
 2.81408 0.00244733
 2.81408 0.00244732
 2.81409 0.00244728
 2.81409 0.00244727
 2.8141 0.00244723
 2.8141 0.00244723
 2.81411 0.00244718
 2.81411 0.00244718
 2.81412 0.00244713
 2.81412 0.00244713
 2.81413 0.00244709
 2.81413 0.00244708
 2.81414 0.00244704
 2.81415 0.00244703
 2.81416 0.00244699
 2.81416 0.00244698
 2.81417 0.00244694
 2.81417 0.00244693
 2.81418 0.0024469
 2.81418 0.00244688
 2.81419 0.00244685
 2.81419 0.00244683
 2.8142 0.0024468
 2.81421 0.00244678
 2.81421 0.00244675
 2.81422 0.00244672
 2.81422 0.0024467
 2.81423 0.00244667
 2.81423 0.00244665
 2.81424 0.00244662
 2.81425 0.00244661
 2.81425 0.00244657
 2.81426 0.00244656
 2.81427 0.00244651
 2.81427 0.00244651
 2.81428 0.00244646
 2.81428 0.00244646
 2.81429 0.00244641
 2.81429 0.00244641
 2.8143 0.00244636
 2.8143 0.00244635
 2.81431 0.0024463
 2.81432 0.0024463
 2.81433 0.00244625
 2.81433 0.00244624
 2.81434 0.0024462
 2.81434 0.00244619
 2.81435 0.00244615
 2.81435 0.00244613
 2.81436 0.0024461
 2.81437 0.00244608
 2.81437 0.00244605
 2.81438 0.00244602
 2.81438 0.00244599
 2.81439 0.00244596
 2.8144 0.00244594
 2.8144 0.00244591
 2.81441 0.00244589
 2.81442 0.00244585
 2.81442 0.00244584
 2.81443 0.00244579
 2.81443 0.00244578
 2.81444 0.00244573
 2.81444 0.00244573
 2.81445 0.00244568
 2.81445 0.00244568
 2.81447 0.00244562
 2.81447 0.00244562
 2.81448 0.00244557
 2.81448 0.00244556
 2.81449 0.00244551
 2.81449 0.0024455
 2.8145 0.00244546
 2.81451 0.00244544
 2.81451 0.0024454
 2.81452 0.00244538
 2.81453 0.00244535
 2.81453 0.00244532
 2.81454 0.00244529
 2.81454 0.00244526
 2.81455 0.00244524
 2.81456 0.0024452
 2.81456 0.00244518
 2.81457 0.00244514
 2.81457 0.00244512
 2.81458 0.00244508
 2.81459 0.00244507
 2.8146 0.00244502
 2.8146 0.00244501
 2.81461 0.00244496
 2.81461 0.00244495
 2.81462 0.0024449
 2.81462 0.00244489
 2.81464 0.00244484
 2.81464 0.00244483
 2.81465 0.00244478
 2.81465 0.00244477
 2.81466 0.00244472
 2.81466 0.00244471
 2.81467 0.00244466
 2.81468 0.00244464
 2.81468 0.0024446
 2.81469 0.00244458
 2.8147 0.00244455
 2.8147 0.00244452
 2.81471 0.00244449
 2.81472 0.00244445
 2.81472 0.00244443
 2.81473 0.00244439
 2.81473 0.00244437
 2.81474 0.00244432
 2.81475 0.00244431
 2.81476 0.00244426
 2.81476 0.00244425
 2.81477 0.00244419
 2.81477 0.00244418
 2.81479 0.00244412
 2.81479 0.00244412
 2.8148 0.00244406
 2.8148 0.00244406
 2.81481 0.002444
 2.81481 0.00244399
 2.81482 0.00244394
 2.81483 0.00244392
 2.81484 0.00244388
 2.81484 0.00244386
 2.81485 0.00244381
 2.81485 0.00244379
 2.81486 0.00244375
 2.81487 0.00244372
 2.81487 0.00244369
 2.81488 0.00244365
 2.81489 0.00244362
 2.8149 0.00244358
 2.8149 0.00244356
 2.81491 0.00244351
 2.81491 0.0024435
 2.81492 0.00244344
 2.81493 0.00244343
 2.81494 0.00244337
 2.81494 0.00244337
 2.81495 0.0024433
 2.81495 0.0024433
 2.81497 0.00244324
 2.81497 0.00244323
 2.81498 0.00244317
 2.81498 0.00244316
 2.81499 0.00244311
 2.815 0.00244309
 2.81501 0.00244304
 2.81501 0.00244302
 2.81502 0.00244297
 2.81502 0.00244295
 2.81503 0.00244291
 2.81504 0.00244287
 2.81504 0.00244284
 2.81505 0.0024428
 2.81506 0.00244277
 2.81507 0.00244273
 2.81507 0.00244271
 2.81508 0.00244265
 2.81508 0.00244264
 2.8151 0.00244258
 2.8151 0.00244257
 2.81511 0.0024425
 2.81511 0.0024425
 2.81512 0.00244243
 2.81513 0.00244243
 2.81514 0.00244236
 2.81514 0.00244235
 2.81515 0.0024423
 2.81516 0.00244228
 2.81517 0.00244223
 2.81517 0.0024422
 2.81518 0.00244216
 2.81518 0.00244213
 2.81519 0.00244209
 2.8152 0.00244205
 2.81521 0.00244201
 2.81521 0.00244197
 2.81522 0.00244194
 2.81523 0.00244189
 2.81523 0.00244187
 2.81524 0.00244182
 2.81525 0.0024418
 2.81526 0.00244174
 2.81526 0.00244173
 2.81527 0.00244166
 2.81527 0.00244166
 2.81529 0.00244158
 2.81529 0.00244158
 2.8153 0.00244151
 2.8153 0.0024415
 2.81532 0.00244144
 2.81532 0.00244142
 2.81533 0.00244136
 2.81533 0.00244134
 2.81534 0.00244129
 2.81535 0.00244126
 2.81536 0.00244122
 2.81536 0.00244118
 2.81537 0.00244114
 2.81538 0.0024411
 2.81539 0.00244107
 2.8154 0.00244101
 2.8154 0.00244099
 2.81541 0.00244093
 2.81541 0.00244092
 2.81543 0.00244085
 2.81543 0.00244084
 2.81544 0.00244077
 2.81544 0.00244076
 2.81546 0.00244069
 2.81546 0.00244068
 2.81547 0.00244061
 2.81547 0.0024406
 2.81548 0.00244053
 2.81549 0.00244051
 2.8155 0.00244046
 2.8155 0.00244043
 2.81551 0.00244038
 2.81552 0.00244034
 2.81553 0.0024403
 2.81553 0.00244026
 2.81554 0.00244022
 2.81555 0.00244017
 2.81556 0.00244014
 2.81557 0.00244009
 2.81557 0.00244006
 2.81558 0.00244
 2.81558 0.00243999
 2.8156 0.00243991
 2.8156 0.00243991
 2.81561 0.00243983
 2.81561 0.00243982
 2.81563 0.00243974
 2.81563 0.00243974
 2.81564 0.00243966
 2.81565 0.00243965
 2.81566 0.00243958
 2.81566 0.00243956
 2.81567 0.0024395
 2.81568 0.00243947
 2.81569 0.00243942
 2.81569 0.00243938
 2.8157 0.00243934
 2.81571 0.00243929
 2.81572 0.00243925
 2.81573 0.0024392
 2.81573 0.00243917
 2.81574 0.0024391
 2.81574 0.00243909
 2.81576 0.00243901
 2.81576 0.002439
 2.81577 0.00243892
 2.81577 0.00243892
 2.81579 0.00243884
 2.81579 0.00243883
 2.8158 0.00243875
 2.81581 0.00243873
 2.81582 0.00243867
 2.81582 0.00243864
 2.81583 0.00243858
 2.81584 0.00243855
 2.81585 0.00243849
 2.81586 0.00243845
 2.81586 0.00243841
 2.81587 0.00243836
 2.81588 0.00243832
 2.81589 0.00243826
 2.81589 0.00243824
 2.81591 0.00243817
 2.81591 0.00243815
 2.81592 0.00243807
 2.81592 0.00243806
 2.81594 0.00243797
 2.81594 0.00243797
 2.81595 0.00243788
 2.81596 0.00243788
 2.81597 0.0024378
 2.81597 0.00243778
 2.81598 0.00243771
 2.81599 0.00243768
 2.816 0.00243762
 2.81601 0.00243758
 2.81601 0.00243753
 2.81602 0.00243748
 2.81603 0.00243744
 2.81604 0.00243738
 2.81605 0.00243735
 2.81606 0.00243728
 2.81606 0.00243726
 2.81607 0.00243718
 2.81608 0.00243716
 2.81609 0.00243708
 2.81609 0.00243707
 2.81611 0.00243698
 2.81611 0.00243698
 2.81612 0.00243689
 2.81612 0.00243688
 2.81614 0.00243679
 2.81614 0.00243677
 2.81615 0.0024367
 2.81616 0.00243667
 2.81617 0.00243661
 2.81618 0.00243657
 2.81618 0.00243651
 2.81619 0.00243646
 2.8162 0.00243642
 2.81621 0.00243636
 2.81622 0.00243632
 2.81623 0.00243625
 2.81623 0.00243623
 2.81624 0.00243615
 2.81625 0.00243613
 2.81626 0.00243604
 2.81626 0.00243604
 2.81628 0.00243594
 2.81628 0.00243594
 2.81629 0.00243584
 2.8163 0.00243583
 2.81631 0.00243575
 2.81631 0.00243572
 2.81633 0.00243565
 2.81633 0.00243561
 2.81634 0.00243555
 2.81635 0.0024355
 2.81636 0.00243545
 2.81637 0.0024354
 2.81637 0.00243536
 2.81638 0.00243529
 2.81639 0.00243526
 2.8164 0.00243518
 2.81641 0.00243516
 2.81642 0.00243507
 2.81642 0.00243506
 2.81644 0.00243496
 2.81644 0.00243495
 2.81645 0.00243486
 2.81646 0.00243484
 2.81647 0.00243475
 2.81647 0.00243473
 2.81649 0.00243465
 2.81649 0.00243462
 2.8165 0.00243455
 2.81651 0.0024345
 2.81652 0.00243445
 2.81653 0.00243439
 2.81653 0.00243435
 2.81655 0.00243428
 2.81655 0.00243424
 2.81656 0.00243416
 2.81657 0.00243414
 2.81658 0.00243405
 2.81658 0.00243404
 2.8166 0.00243393
 2.8166 0.00243393
 2.81662 0.00243383
 2.81662 0.00243381
 2.81663 0.00243372
 2.81664 0.0024337
 2.81665 0.00243361
 2.81665 0.00243358
 2.81666 0.00243351
 2.81667 0.00243346
 2.81668 0.0024334
 2.81669 0.00243334
 2.8167 0.0024333
 2.81671 0.00243322
 2.81671 0.00243319
 2.81673 0.00243311
 2.81673 0.00243308
 2.81675 0.00243298
 2.81675 0.00243297
 2.81676 0.00243286
 2.81676 0.00243286
 2.81678 0.00243275
 2.81678 0.00243274
 2.8168 0.00243264
 2.8168 0.00243262
 2.81681 0.00243253
 2.81682 0.0024325
 2.81683 0.00243242
 2.81684 0.00243238
 2.81685 0.00243231
 2.81686 0.00243225
 2.81686 0.0024322
 2.81688 0.00243213
 2.81688 0.00243209
 2.81689 0.002432
 2.8169 0.00243198
 2.81691 0.00243188
 2.81691 0.00243187
 2.81693 0.00243175
 2.81693 0.00243175
 2.81695 0.00243164
 2.81695 0.00243163
 2.81697 0.00243153
 2.81697 0.0024315
 2.81698 0.00243141
 2.81699 0.00243137
 2.817 0.0024313
 2.81701 0.00243124
 2.81702 0.00243118
 2.81703 0.00243111
 2.81703 0.00243107
 2.81705 0.00243099
 2.81705 0.00243095
 2.81706 0.00243086
 2.81707 0.00243083
 2.81708 0.00243072
 2.81708 0.00243072
 2.8171 0.0024306
 2.8171 0.00243059
 2.81712 0.00243048
 2.81712 0.00243046
 2.81714 0.00243036
 2.81714 0.00243033
 2.81715 0.00243024
 2.81716 0.0024302
 2.81717 0.00243013
 2.81718 0.00243006
 2.81719 0.00243001
 2.8172 0.00242993
 2.81721 0.00242989
 2.81722 0.0024298
 2.81722 0.00242976
 2.81724 0.00242966
 2.81724 0.00242964
 2.81726 0.00242952
 2.81726 0.00242952
 2.81728 0.0024294
 2.81728 0.00242939
 2.81729 0.00242928
 2.8173 0.00242925
 2.81731 0.00242916
 2.81732 0.00242911
 2.81733 0.00242903
 2.81734 0.00242897
 2.81735 0.00242891
 2.81736 0.00242884
 2.81736 0.00242878
 2.81738 0.0024287
 2.81738 0.00242866
 2.8174 0.00242856
 2.8174 0.00242853
 2.81741 0.00242842
 2.81742 0.00242841
 2.81743 0.00242828
 2.81743 0.00242827
 2.81745 0.00242815
 2.81745 0.00242813
 2.81747 0.00242803
 2.81747 0.00242799
 2.81749 0.0024279
 2.81749 0.00242785
 2.8175 0.00242777
 2.81751 0.0024277
 2.81752 0.00242764
 2.81753 0.00242756
 2.81754 0.00242751
 2.81755 0.00242741
 2.81756 0.00242738
 2.81757 0.00242727
 2.81758 0.00242725
 2.81759 0.00242712
 2.81759 0.00242712
 2.81761 0.00242699
 2.81762 0.00242697
 2.81763 0.00242686
 2.81764 0.00242683
 2.81765 0.00242673
 2.81766 0.00242668
 2.81767 0.0024266
 2.81768 0.00242653
 2.81768 0.00242646
 2.8177 0.00242638
 2.8177 0.00242633
 2.81772 0.00242623
 2.81772 0.0024262
 2.81774 0.00242608
 2.81774 0.00242606
 2.81776 0.00242593
 2.81776 0.00242593
 2.81778 0.00242579
 2.81778 0.00242577
 2.81779 0.00242566
 2.8178 0.00242562
 2.81781 0.00242552
 2.81782 0.00242547
 2.81783 0.00242538
 2.81784 0.00242531
 2.81785 0.00242525
 2.81786 0.00242516
 2.81787 0.00242511
 2.81788 0.002425
 2.81789 0.00242497
 2.8179 0.00242485
 2.8179 0.00242483
 2.81792 0.00242469
 2.81792 0.00242469
 2.81794 0.00242455
 2.81794 0.00242453
 2.81796 0.00242441
 2.81796 0.00242437
 2.81798 0.00242427
 2.81799 0.00242421
 2.818 0.00242413
 2.81801 0.00242405
 2.81802 0.00242399
 2.81803 0.00242389
 2.81803 0.00242384
 2.81805 0.00242373
 2.81805 0.0024237
 2.81807 0.00242357
 2.81807 0.00242356
 2.81809 0.00242341
 2.81809 0.00242341
 2.81811 0.00242327
 2.81811 0.00242324
 2.81813 0.00242312
 2.81813 0.00242308
 2.81815 0.00242298
 2.81815 0.00242292
 2.81817 0.00242283
 2.81818 0.00242275
 2.81818 0.00242268
 2.8182 0.00242258
 2.8182 0.00242254
 2.81822 0.00242242
 2.81822 0.00242239
 2.81824 0.00242225
 2.81824 0.00242224
 2.81826 0.00242209
 2.81826 0.00242208
 2.81828 0.00242194
 2.81828 0.00242191
 2.8183 0.00242179
 2.8183 0.00242174
 2.81832 0.00242164
 2.81833 0.00242157
 2.81834 0.00242149
 2.81835 0.0024214
 2.81836 0.00242134
 2.81837 0.00242123
 2.81837 0.00242119
 2.81839 0.00242106
 2.81839 0.00242104
 2.81841 0.00242089
 2.81841 0.00242088
 2.81843 0.00242073
 2.81843 0.00242071
 2.81845 0.00242057
 2.81846 0.00242054
 2.81847 0.00242042
 2.81848 0.00242036
 2.81849 0.00242026
 2.8185 0.00242018
 2.81851 0.00242011
 2.81852 0.00242001
 2.81853 0.00241995
 2.81854 0.00241983
 2.81855 0.0024198
 2.81857 0.00241965
 2.81857 0.00241964
 2.81859 0.00241948
 2.81859 0.00241947
 2.81861 0.00241932
 2.81861 0.00241929
 2.81863 0.00241916
 2.81863 0.00241911
 2.81865 0.002419
 2.81865 0.00241893
 2.81866 0.00241884
 2.81868 0.00241875
 2.81868 0.00241868
 2.8187 0.00241857
 2.8187 0.00241852
 2.81872 0.00241838
 2.81872 0.00241836
 2.81874 0.0024182
 2.81874 0.0024182
 2.81876 0.00241803
 2.81877 0.00241801
 2.81878 0.00241787
 2.81879 0.00241783
 2.8188 0.0024177
 2.81881 0.00241764
 2.81882 0.00241754
 2.81883 0.00241745
 2.81884 0.00241737
 2.81886 0.00241726
 2.81886 0.00241721
 2.81888 0.00241707
 2.81888 0.00241704
 2.8189 0.00241688
 2.8189 0.00241688
 2.81892 0.00241671
 2.81892 0.00241669
 2.81894 0.00241654
 2.81895 0.0024165
 2.81896 0.00241637
 2.81897 0.00241631
 2.81898 0.0024162
 2.81899 0.00241612
 2.819 0.00241603
 2.81901 0.00241592
 2.81902 0.00241586
 2.81904 0.00241573
 2.81904 0.00241569
 2.81906 0.00241553
 2.81906 0.00241552
 2.81908 0.00241535
 2.81908 0.00241534
 2.8191 0.00241517
 2.81911 0.00241514
 2.81912 0.002415
 2.81913 0.00241494
 2.81914 0.00241482
 2.81915 0.00241474
 2.81916 0.00241465
 2.81918 0.00241454
 2.81918 0.00241447
 2.8192 0.00241434
 2.8192 0.0024143
 2.81922 0.00241414
 2.81922 0.00241412
 2.81924 0.00241395
 2.81924 0.00241394
 2.81926 0.00241377
 2.81927 0.00241374
 2.81928 0.00241359
 2.81929 0.00241353
 2.81931 0.00241341
 2.81931 0.00241333
 2.81933 0.00241323
 2.81934 0.00241312
 2.81935 0.00241305
 2.81936 0.00241292
 2.81937 0.00241287
 2.81938 0.00241271
 2.81939 0.00241269
 2.81941 0.00241251
 2.81941 0.0024125
 2.81943 0.00241232
 2.81943 0.00241229
 2.81945 0.00241214
 2.81946 0.00241209
 2.81947 0.00241196
 2.81948 0.00241188
 2.81949 0.00241177
 2.8195 0.00241166
 2.81951 0.00241159
 2.81953 0.00241145
 2.81953 0.0024114
 2.81955 0.00241124
 2.81955 0.00241122
 2.81957 0.00241103
 2.81957 0.00241103
 2.81959 0.00241084
 2.8196 0.00241081
 2.81962 0.00241065
 2.81962 0.0024106
 2.81964 0.00241047
 2.81965 0.00241038
 2.81966 0.00241028
 2.81967 0.00241016
 2.81968 0.00241009
 2.81969 0.00240994
 2.8197 0.0024099
 2.81972 0.00240972
 2.81972 0.0024097
 2.81974 0.00240951
 2.81974 0.0024095
 2.81976 0.00240932
 2.81977 0.00240928
 2.81978 0.00240913
 2.81979 0.00240906
 2.8198 0.00240893
 2.81981 0.00240884
 2.81983 0.00240874
 2.81984 0.00240862
 2.81985 0.00240854
 2.81986 0.00240839
 2.81987 0.00240835
 2.81989 0.00240817
 2.81989 0.00240815
 2.81991 0.00240796
 2.81991 0.00240794
 2.81993 0.00240776
 2.81994 0.00240771
 2.81995 0.00240756
 2.81996 0.00240749
 2.81997 0.00240736
 2.81999 0.00240726
 2.82 0.00240716
 2.82001 0.00240703
 2.82002 0.00240696
 2.82003 0.0024068
 2.82004 0.00240676
 2.82006 0.00240657
 2.82006 0.00240656
 2.82008 0.00240636
 2.82008 0.00240633
 2.8201 0.00240615
 2.82011 0.0024061
 2.82012 0.00240595
 2.82013 0.00240587
 2.82015 0.00240575
 2.82016 0.00240563
 2.82017 0.00240554
 2.82018 0.00240539
 2.82019 0.00240534
 2.82021 0.00240516
 2.82021 0.00240513
 2.82023 0.00240492
 2.82023 0.00240492
 2.82025 0.00240472
 2.82026 0.00240468
 2.82028 0.00240451
 2.82028 0.00240444
 2.8203 0.0024043
 2.82031 0.0024042
 2.82032 0.00240409
 2.82033 0.00240396
 2.82034 0.00240388
 2.82036 0.00240372
 2.82036 0.00240367
 2.82038 0.00240347
 2.82038 0.00240346
 2.82041 0.00240324
 2.82041 0.00240323
 2.82043 0.00240303
 2.82043 0.00240298
 2.82045 0.00240282
 2.82046 0.00240274
 2.82047 0.0024026
 2.82048 0.00240249
 2.82049 0.00240239
 2.82051 0.00240224
 2.82052 0.00240217
 2.82053 0.00240199
 2.82054 0.00240196
 2.82056 0.00240174
 2.82056 0.00240174
 2.82058 0.00240152
 2.82059 0.00240149
 2.8206 0.0024013
 2.82061 0.00240124
 2.82063 0.00240109
 2.82064 0.00240098
 2.82065 0.00240087
 2.82066 0.00240073
 2.82067 0.00240064
 2.82069 0.00240047
 2.82069 0.00240042
 2.82071 0.00240022
 2.82072 0.0024002
 2.82074 0.00239998
 2.82074 0.00239996
 2.82076 0.00239976
 2.82077 0.0023997
 2.82078 0.00239953
 2.82079 0.00239944
 2.8208 0.00239931
 2.82082 0.00239918
 2.82083 0.00239908
 2.82084 0.00239892
 2.82085 0.00239886
 2.82087 0.00239866
 2.82087 0.00239863
 2.82089 0.0023984
 2.82089 0.0023984
 2.82092 0.00239817
 2.82092 0.00239813
 2.82094 0.00239795
 2.82095 0.00239787
 2.82096 0.00239772
 2.82097 0.0023976
 2.82098 0.00239749
 2.821 0.00239733
 2.82101 0.00239725
 2.82103 0.00239706
 2.82103 0.00239702
 2.82105 0.0023968
 2.82105 0.00239679
 2.82107 0.00239656
 2.82108 0.00239653
 2.8211 0.00239632
 2.8211 0.00239625
 2.82112 0.00239609
 2.82113 0.00239598
 2.82114 0.00239585
 2.82116 0.00239571
 2.82117 0.00239562
 2.82118 0.00239543
 2.82119 0.00239538
 2.82121 0.00239516
 2.82121 0.00239514
 2.82123 0.00239491
 2.82124 0.00239488
 2.82126 0.00239467
 2.82126 0.0023946
 2.82128 0.00239443
 2.82129 0.00239432
 2.8213 0.00239419
 2.82132 0.00239405
 2.82133 0.00239394
 2.82134 0.00239376
 2.82135 0.0023937
 2.82137 0.00239348
 2.82137 0.00239346
 2.8214 0.00239322
 2.8214 0.0023932
 2.82142 0.00239297
 2.82142 0.00239292
 2.82144 0.00239273
 2.82145 0.00239263
 2.82146 0.00239248
 2.82148 0.00239234
 2.82149 0.00239224
 2.8215 0.00239206
 2.82151 0.00239199
 2.82153 0.00239177
 2.82153 0.00239174
 2.82156 0.00239149
 2.82156 0.00239148
 2.82158 0.00239124
 2.82159 0.00239119
 2.8216 0.00239099
 2.82161 0.0023909
 2.82163 0.00239074
 2.82164 0.00239061
 2.82165 0.00239049
 2.82167 0.00239031
 2.82167 0.00239024
 2.82169 0.00239002
 2.8217 0.00238998
 2.82172 0.00238973
 2.82172 0.00238972
 2.82174 0.00238948
 2.82175 0.00238942
 2.82177 0.00238922
 2.82178 0.00238913
 2.82179 0.00238896
 2.8218 0.00238883
 2.82181 0.00238871
 2.82183 0.00238853
 2.82184 0.00238845
 2.82186 0.00238822
 2.82186 0.00238819
 2.82189 0.00238793
 2.82189 0.00238792
 2.82191 0.00238767
 2.82191 0.00238762
 2.82193 0.00238741
 2.82194 0.00238731
 2.82196 0.00238715
 2.82197 0.00238701
 2.82198 0.00238689
 2.822 0.0023867
 2.822 0.00238662
 2.82202 0.00238639
 2.82203 0.00238636
 2.82205 0.00238609
 2.82205 0.00238608
 2.82208 0.00238583
 2.82208 0.00238577
 2.8221 0.00238556
 2.82211 0.00238546
 2.82212 0.0023853
 2.82214 0.00238515
 2.82215 0.00238503
 2.82216 0.00238483
 2.82217 0.00238476
 2.82219 0.00238452
 2.82219 0.00238449
 2.82222 0.00238422
 2.82222 0.0023842
 2.82224 0.00238395
 2.82225 0.00238388
 2.82227 0.00238368
 2.82228 0.00238357
 2.82229 0.0023834
 2.8223 0.00238325
 2.82231 0.00238313
 2.82233 0.00238293
 2.82234 0.00238286
 2.82236 0.0023826
 2.82236 0.00238258
 2.82239 0.0023823
 2.82239 0.00238228
 2.82241 0.00238203
 2.82242 0.00238196
 2.82244 0.00238175
 2.82245 0.00238163
 2.82246 0.00238147
 2.82247 0.0023813
 2.82248 0.00238119
 2.8225 0.00238098
 2.82251 0.00238091
 2.82253 0.00238065
 2.82253 0.00238063
 2.82256 0.00238035
 2.82256 0.00238032
 2.82258 0.00238007
 2.82259 0.00237998
 2.82261 0.00237978
 2.82262 0.00237965
 2.82263 0.0023795
 2.82265 0.00237932
 2.82265 0.00237921
 2.82267 0.00237898
 2.82268 0.00237893
 2.8227 0.00237865
 2.8227 0.00237864
 2.82273 0.00237835
 2.82273 0.00237831
 2.82275 0.00237807
 2.82276 0.00237797
 2.82278 0.00237778
 2.82279 0.00237763
 2.8228 0.00237749
 2.82282 0.00237729
 2.82283 0.0023772
 2.82285 0.00237694
 2.82285 0.00237691
 2.82288 0.00237661
 2.82288 0.0023766
 2.8229 0.00237632
 2.82291 0.00237626
 2.82293 0.00237603
 2.82294 0.00237591
 2.82295 0.00237573
 2.82296 0.00237556
 2.82298 0.00237543
 2.82299 0.00237521
 2.823 0.00237514
 2.82302 0.00237486
 2.82302 0.00237484
 2.82305 0.00237454
 2.82305 0.00237451
 2.82307 0.00237424
 2.82308 0.00237416
 2.8231 0.00237394
 2.82311 0.00237381
 2.82312 0.00237364
 2.82314 0.00237345
 2.82315 0.00237334
 2.82317 0.00237309
 2.82317 0.00237304
 2.8232 0.00237274
 2.8232 0.00237273
 2.82322 0.00237243
 2.82323 0.00237238
 2.82325 0.00237213
 2.82326 0.00237202
 2.82327 0.00237182
 2.82329 0.00237166
 2.8233 0.00237151
 2.82332 0.00237129
 2.82332 0.0023712
 2.82335 0.00237093
 2.82335 0.0023709
 2.82338 0.00237059
 2.82338 0.00237056
 2.8234 0.00237028
 2.82341 0.0023702
 2.82343 0.00236996
 2.82344 0.00236983
 2.82345 0.00236965
 2.82347 0.00236946
 2.82348 0.00236934
 2.8235 0.00236909
 2.8235 0.00236903
 2.82353 0.00236872
 2.82353 0.00236871
 2.82355 0.00236839
 2.82356 0.00236834
 2.82358 0.00236808
 2.82359 0.00236797
 2.8236 0.00236776
 2.82362 0.00236759
 2.82363 0.00236744
 2.82365 0.00236722
 2.82365 0.00236712
 2.82368 0.00236684
 2.82368 0.0023668
 2.82371 0.00236648
 2.82371 0.00236646
 2.82373 0.00236616
 2.82374 0.00236608
 2.82376 0.00236584
 2.82377 0.00236569
 2.82378 0.00236551
 2.8238 0.00236531
 2.82381 0.00236519
 2.82383 0.00236493
 2.82383 0.00236486
 2.82386 0.00236454
 2.82386 0.00236454
 2.82389 0.00236421
 2.82389 0.00236415
 2.82391 0.00236388
 2.82392 0.00236376
 2.82394 0.00236355
 2.82395 0.00236337
 2.82396 0.00236322
 2.82398 0.00236298
 2.82399 0.00236289
 2.82401 0.00236259
 2.82401 0.00236256
 2.82404 0.00236223
 2.82404 0.00236219
 2.82407 0.00236189
 2.82407 0.0023618
 2.82409 0.00236156
 2.8241 0.0023614
 2.82412 0.00236122
 2.82414 0.002361
 2.82414 0.00236089
 2.82417 0.0023606
 2.82417 0.00236055
 2.8242 0.00236021
 2.8242 0.0023602
 2.82422 0.00235987
 2.82423 0.00235979
 2.82425 0.00235953
 2.82426 0.00235939
 2.82427 0.00235919
 2.82429 0.00235898
 2.8243 0.00235885
 2.82432 0.00235858
 2.82433 0.00235851
 2.82435 0.00235817
 2.82435 0.00235816
 2.82438 0.00235782
 2.82438 0.00235776
 2.82441 0.00235747
 2.82441 0.00235735
 2.82443 0.00235713
 2.82445 0.00235693
 2.82446 0.00235678
 2.82448 0.00235652
 2.82448 0.00235643
 2.82451 0.0023561
 2.82451 0.00235608
 2.82454 0.00235573
 2.82454 0.00235569
 2.82456 0.00235538
 2.82457 0.00235527
 2.82459 0.00235503
 2.8246 0.00235485
 2.82462 0.00235467
 2.82463 0.00235443
 2.82464 0.00235432
 2.82467 0.002354
 2.82467 0.00235396
 2.8247 0.00235361
 2.8247 0.00235358
 2.82472 0.00235325
 2.82473 0.00235315
 2.82475 0.00235289
 2.82476 0.00235273
 2.82478 0.00235253
 2.82479 0.0023523
 2.8248 0.00235217
 2.82482 0.00235187
 2.82483 0.00235181
 2.82486 0.00235145
 2.82486 0.00235144
 2.82488 0.00235109
 2.82489 0.002351
 2.82491 0.00235073
 2.82492 0.00235057
 2.82494 0.00235036
 2.82495 0.00235013
 2.82496 0.00234999
 2.82498 0.0023497
 2.82499 0.00234963
 2.82502 0.00234926
 2.82502 0.00234926
 2.82504 0.00234889
 2.82505 0.00234882
 2.82507 0.00234852
 2.82508 0.00234837
 2.8251 0.00234815
 2.82511 0.00234793
 2.82512 0.00234778
 2.82515 0.00234749
 2.82515 0.00234741
 2.82518 0.00234704
 2.82518 0.00234703
 2.8252 0.00234666
 2.82521 0.00234659
 2.82523 0.00234628
 2.82524 0.00234614
 2.82526 0.00234591
 2.82527 0.00234569
 2.82529 0.00234553
 2.82531 0.00234524
 2.82531 0.00234515
 2.82534 0.00234478
 2.82534 0.00234477
 2.82537 0.00234439
 2.82537 0.00234433
 2.82539 0.00234401
 2.8254 0.00234387
 2.82542 0.00234363
 2.82544 0.00234341
 2.82545 0.00234324
 2.82547 0.00234295
 2.82548 0.00234286
 2.8255 0.00234249
 2.8255 0.00234247
 2.82553 0.00234209
 2.82554 0.00234203
 2.82556 0.0023417
 2.82557 0.00234156
 2.82559 0.00234131
 2.8256 0.0023411
 2.82561 0.00234092
 2.82563 0.00234063
 2.82564 0.00234053
 2.82567 0.00234016
 2.82567 0.00234014
 2.8257 0.00233975
 2.8257 0.00233969
 2.82572 0.00233935
 2.82573 0.00233922
 2.82575 0.00233896
 2.82577 0.00233874
 2.82578 0.00233856
 2.8258 0.00233827
 2.82581 0.00233817
 2.82583 0.00233779
 2.82583 0.00233777
 2.82586 0.00233737
 2.82587 0.00233731
 2.82589 0.00233697
 2.8259 0.00233683
 2.82592 0.00233657
 2.82593 0.00233635
 2.82594 0.00233617
 2.82597 0.00233586
 2.82597 0.00233577
 2.826 0.00233538
 2.826 0.00233536
 2.82603 0.00233496
 2.82603 0.00233489
 2.82606 0.00233455
 2.82607 0.0023344
 2.82608 0.00233414
 2.8261 0.00233391
 2.82611 0.00233374
 2.82613 0.00233342
 2.82614 0.00233333
 2.82617 0.00233293
 2.82617 0.00233292
 2.82619 0.00233251
 2.8262 0.00233243
 2.82622 0.00233209
 2.82623 0.00233193
 2.82625 0.00233168
 2.82627 0.00233144
 2.82628 0.00233127
 2.8263 0.00233094
 2.82631 0.00233085
 2.82633 0.00233043
 2.82633 0.00233043
 2.82636 0.00233002
 2.82637 0.00232993
 2.82639 0.0023296
 2.8264 0.00232943
 2.82642 0.00232918
 2.82644 0.00232892
 2.82645 0.00232876
 2.82647 0.00232841
 2.82648 0.00232834
 2.8265 0.00232791
 2.8265 0.0023279
 2.82653 0.00232749
 2.82654 0.00232739
 2.82656 0.00232707
 2.82657 0.00232688
 2.82659 0.00232664
 2.82661 0.00232636
 2.82662 0.00232621
 2.82664 0.00232585
 2.82665 0.00232578
 2.82667 0.00232536
 2.82668 0.00232533
 2.8267 0.00232492
 2.82671 0.00232481
 2.82673 0.00232449
 2.82674 0.00232429
 2.82676 0.00232406
 2.82678 0.00232376
 2.82679 0.00232363
 2.82681 0.00232324
 2.82682 0.00232319
 2.82684 0.00232276
 2.82685 0.00232271
 2.82687 0.00232232
 2.82688 0.00232218
 2.8269 0.00232188
 2.82692 0.00232165
 2.82693 0.00232144
 2.82695 0.00232112
 2.82696 0.002321
 2.82699 0.00232059
 2.82699 0.00232056
 2.82702 0.00232012
 2.82702 0.00232005
 2.82704 0.00231968
 2.82706 0.00231951
 2.82707 0.00231923
 2.82709 0.00231898
 2.8271 0.00231879
 2.82713 0.00231843
 2.82713 0.00231834
 2.82716 0.00231789
 2.82716 0.00231789
 2.82719 0.00231744
 2.82719 0.00231735
 2.82722 0.00231699
 2.82723 0.0023168
 2.82725 0.00231654
 2.82726 0.00231626
 2.82728 0.00231609
 2.8273 0.00231571
 2.8273 0.00231564
 2.82733 0.00231518
 2.82734 0.00231515
 2.82736 0.00231473
 2.82737 0.0023146
 2.82739 0.00231427
 2.82741 0.00231405
 2.82742 0.00231381
 2.82744 0.00231349
 2.82745 0.00231335
 2.82748 0.00231293
 2.82748 0.00231289
 2.82751 0.00231243
 2.82751 0.00231237
 2.82754 0.00231197
 2.82755 0.00231181
 2.82757 0.00231151
 2.82758 0.00231125
 2.82759 0.00231104
 2.82762 0.00231068
 2.82762 0.00231058
 2.82765 0.00231012
 2.82765 0.00231011
 2.82768 0.00230964
 2.82769 0.00230955
 2.82771 0.00230917
 2.82772 0.00230898
 2.82774 0.0023087
 2.82776 0.0023084
 2.82777 0.00230823
 2.8278 0.00230783
 2.8278 0.00230776
 2.82783 0.00230728
 2.82783 0.00230725
 2.82786 0.00230681
 2.82787 0.00230667
 2.82789 0.00230633
 2.8279 0.00230609
 2.82792 0.00230586
 2.82794 0.00230551
 2.82795 0.00230538
 2.82797 0.00230493
 2.82798 0.0023049
 2.82801 0.00230442
 2.82801 0.00230434
 2.82804 0.00230394
 2.82805 0.00230376
 2.82807 0.00230345
 2.82808 0.00230317
 2.82809 0.00230297
 2.82812 0.00230258
 2.82812 0.00230248
 2.82815 0.002302
 2.82815 0.00230198
 2.82818 0.00230151
 2.82819 0.00230139
 2.82821 0.00230102
 2.82823 0.00230079
 2.82824 0.00230053
 2.82826 0.00230019
 2.82827 0.00230004
 2.8283 0.00229959
 2.8283 0.00229955
 2.82833 0.00229905
 2.82834 0.00229899
 2.82836 0.00229856
 2.82837 0.00229839
 2.82839 0.00229806
 2.82841 0.00229778
 2.82842 0.00229757
 2.82845 0.00229717
 2.82845 0.00229707
 2.82848 0.00229657
 2.82848 0.00229656
 2.82851 0.00229607
 2.82852 0.00229595
 2.82854 0.00229557
 2.82856 0.00229534
 2.82857 0.00229506
 2.82859 0.00229472
 2.8286 0.00229456
 2.82863 0.0022941
 2.82863 0.00229406
 2.82866 0.00229355
 2.82867 0.00229349
 2.82869 0.00229304
 2.8287 0.00229286
 2.82872 0.00229253
 2.82874 0.00229224
 2.82875 0.00229202
 2.82878 0.00229162
 2.82878 0.00229151
 2.82881 0.002291
 2.82881 0.00229099
 2.82884 0.00229048
 2.82885 0.00229036
 2.82887 0.00228997
 2.82889 0.00228973
 2.8289 0.00228945
 2.82892 0.0022891
 2.82893 0.00228894
 2.82896 0.00228846
 2.82896 0.00228842
 2.82899 0.0022879
 2.829 0.00228782
 2.82902 0.00228738
 2.82904 0.00228718
 2.82906 0.00228685
 2.82907 0.00228654
 2.82909 0.00228633
 2.82911 0.0022859
 2.82912 0.00228581
 2.82915 0.00228528
 2.82915 0.00228526
 2.82918 0.00228475
 2.82919 0.00228461
 2.82921 0.00228422
 2.82922 0.00228396
 2.82924 0.0022837
 2.82926 0.00228331
 2.82927 0.00228316
 2.8293 0.00228266
 2.8293 0.00228263
 2.82933 0.0022821
 2.82934 0.002282
 2.82936 0.00228156
 2.82937 0.00228134
 2.82939 0.00228103
 2.82941 0.00228069
 2.82942 0.00228049
 2.82945 0.00228002
 2.82945 0.00227995
 2.82948 0.00227941
 2.82949 0.00227936
 2.82951 0.00227887
 2.82952 0.0022787
 2.82954 0.00227833
 2.82956 0.00227803
 2.82958 0.00227779
 2.8296 0.00227736
 2.82961 0.00227724
 2.82964 0.0022767
 2.82964 0.00227669
 2.82967 0.00227615
 2.82968 0.00227602
 2.8297 0.0022756
 2.82971 0.00227534
 2.82973 0.00227505
 2.82975 0.00227466
 2.82976 0.0022745
 2.82979 0.00227398
 2.82979 0.00227395
 2.82982 0.0022734
 2.82983 0.0022733
 2.82985 0.00227284
 2.82987 0.00227262
 2.82988 0.00227229
 2.8299 0.00227193
 2.82992 0.00227173
 2.82994 0.00227125
 2.82995 0.00227117
 2.82998 0.00227061
 2.82998 0.00227056
 2.83001 0.00227005
 2.83002 0.00226986
 2.83004 0.00226949
 2.83006 0.00226917
 2.83007 0.00226892
 2.8301 0.00226847
 2.8301 0.00226836
 2.83013 0.00226779
 2.83014 0.00226778
 2.83017 0.00226723
 2.83017 0.00226708
 2.8302 0.00226666
 2.83021 0.00226637
 2.83023 0.00226609
 2.83025 0.00226567
 2.83026 0.00226552
 2.83029 0.00226496
 2.83029 0.00226494
 2.83032 0.00226437
 2.83033 0.00226425
 2.83035 0.0022638
 2.83037 0.00226354
 2.83039 0.00226322
 2.83041 0.00226283
 2.83042 0.00226264
 2.83045 0.00226211
 2.83045 0.00226206
 2.83048 0.00226148
 2.83048 0.0022614
 2.83051 0.0022609
 2.83052 0.00226068
 2.83054 0.00226032
 2.83056 0.00225996
 2.83057 0.00225973
 2.8306 0.00225923
 2.83061 0.00225915
 2.83064 0.00225856
 2.83064 0.00225851
 2.83067 0.00225797
 2.83068 0.00225778
 2.8307 0.00225738
 2.83072 0.00225705
 2.83073 0.00225679
 2.83076 0.00225631
 2.83076 0.0022562
 2.8308 0.00225561
 2.8308 0.00225558
 2.83083 0.00225501
 2.83084 0.00225484
 2.83086 0.00225442
 2.83088 0.0022541
 2.83089 0.00225382
 2.83092 0.00225336
 2.83092 0.00225322
 2.83096 0.00225262
 2.83096 0.00225262
 2.83099 0.00225202
 2.83099 0.00225187
 2.83102 0.00225142
 2.83103 0.00225112
 2.83105 0.00225081
 2.83107 0.00225037
 2.83108 0.00225021
 2.83111 0.00224962
 2.83111 0.0022496
 2.83115 0.00224899
 2.83115 0.00224887
 2.83118 0.00224838
 2.83119 0.00224811
 2.83121 0.00224777
 2.83123 0.00224735
 2.83124 0.00224716
 2.83127 0.00224659
 2.83128 0.00224655
 2.83131 0.00224593
 2.83131 0.00224583
 2.83134 0.00224531
 2.83135 0.00224506
 2.83137 0.0022447
 2.83139 0.00224429
 2.8314 0.00224408
 2.83143 0.00224352
 2.83144 0.00224346
 2.83147 0.00224284
 2.83147 0.00224275
 2.8315 0.00224221
 2.83151 0.00224197
 2.83153 0.00224159
 2.83155 0.0022412
 2.83157 0.00224096
 2.83159 0.00224042
 2.8316 0.00224034
 2.83163 0.00223971
 2.83163 0.00223963
 2.83166 0.00223908
 2.83167 0.00223885
 2.8317 0.00223845
 2.83171 0.00223806
 2.83173 0.00223781
 2.83176 0.00223727
 2.83176 0.00223718
 2.83179 0.00223654
 2.8318 0.00223648
 2.83183 0.00223591
 2.83184 0.00223569
 2.83186 0.00223527
 2.83188 0.00223489
 2.83189 0.00223463
 2.83192 0.0022341
 2.83192 0.00223399
 2.83196 0.00223335
 2.83196 0.0022333
 2.83199 0.0022327
 2.832 0.00223249
 2.83202 0.00223206
 2.83204 0.00223169
 2.83205 0.00223141
 2.83208 0.00223088
 2.83209 0.00223076
 2.83212 0.00223011
 2.83212 0.00223007
 2.83215 0.00222946
 2.83216 0.00222926
 2.83218 0.00222881
 2.8322 0.00222844
 2.83222 0.00222816
 2.83224 0.00222763
 2.83225 0.0022275
 2.83228 0.00222685
 2.83229 0.00222681
 2.83232 0.00222619
 2.83233 0.00222599
 2.83235 0.00222553
 2.83237 0.00222516
 2.83238 0.00222487
 2.83241 0.00222433
 2.83241 0.00222421
 2.83245 0.00222354
 2.83245 0.00222351
 2.83248 0.00222288
 2.83249 0.00222267
 2.83251 0.00222221
 2.83253 0.00222184
 2.83255 0.00222155
 2.83257 0.002221
 2.83258 0.00222088
 2.83261 0.00222021
 2.83262 0.00222017
 2.83265 0.00221953
 2.83266 0.00221932
 2.83268 0.00221886
 2.8327 0.00221848
 2.83271 0.00221819
 2.83274 0.00221763
 2.83275 0.00221751
 2.83278 0.00221683
 2.83278 0.00221679
 2.83281 0.00221615
 2.83282 0.00221594
 2.83285 0.00221547
 2.83286 0.00221508
 2.83288 0.00221479
 2.83291 0.00221423
 2.83291 0.00221411
 2.83295 0.00221342
 2.83295 0.00221337
 2.83298 0.00221274
 2.83299 0.00221251
 2.83301 0.00221205
 2.83303 0.00221164
 2.83305 0.00221136
 2.83307 0.00221078
 2.83308 0.00221067
 2.83311 0.00220998
 2.83312 0.00220991
 2.83315 0.00220928
 2.83316 0.00220904
 2.83318 0.00220859
 2.8332 0.00220817
 2.83321 0.00220789
 2.83324 0.00220729
 2.83325 0.00220719
 2.83328 0.00220649
 2.83328 0.00220641
 2.83331 0.00220579
 2.83333 0.00220553
 2.83335 0.00220509
 2.83337 0.00220465
 2.83338 0.00220439
 2.83341 0.00220376
 2.83341 0.00220368
 2.83345 0.00220298
 2.83345 0.00220288
 2.83348 0.00220227
 2.8335 0.00220199
 2.83352 0.00220156
 2.83354 0.00220109
 2.83355 0.00220085
 2.83358 0.0022002
 2.83358 0.00220013
 2.83362 0.00219942
 2.83362 0.0021993
 2.83365 0.0021987
 2.83367 0.0021984
 2.83369 0.00219799
 2.83371 0.00219749
 2.83372 0.00219727
 2.83375 0.00219659
 2.83375 0.00219655
 2.83379 0.00219583
 2.83379 0.00219568
 2.83382 0.0021951
 2.83384 0.00219477
 2.83385 0.00219438
 2.83388 0.00219385
 2.83389 0.00219365
 2.83392 0.00219294
 2.83392 0.00219293
 2.83396 0.0021922
 2.83397 0.00219202
 2.83399 0.00219147
 2.83401 0.0021911
 2.83403 0.00219073
 2.83405 0.00219017
 2.83406 0.00219
 2.83409 0.00218926
 2.83409 0.00218925
 2.83413 0.00218853
 2.83414 0.00218832
 2.83416 0.00218779
 2.83418 0.00218738
 2.8342 0.00218705
 2.83422 0.00218645
 2.83423 0.00218631
 2.83426 0.00218557
 2.83427 0.00218551
 2.8343 0.00218482
 2.83431 0.00218457
 2.83433 0.00218408
 2.83435 0.00218363
 2.83437 0.00218333
 2.8344 0.00218269
 2.8344 0.00218258
 2.83444 0.00218183
 2.83444 0.00218174
 2.83447 0.00218108
 2.83448 0.00218079
 2.8345 0.00218032
 2.83453 0.00217983
 2.83454 0.00217957
 2.83457 0.00217888
 2.83457 0.00217881
 2.83461 0.00217806
 2.83461 0.00217792
 2.83464 0.0021773
 2.83466 0.00217696
 2.83468 0.00217653
 2.8347 0.00217599
 2.83471 0.00217577
 2.83475 0.00217503
 2.83475 0.00217501
 2.83478 0.00217424
 2.83479 0.00217406
 2.83482 0.00217348
 2.83483 0.00217309
 2.83485 0.00217271
 2.83488 0.00217211
 2.83489 0.00217194
 2.83492 0.00217116
 2.83492 0.00217113
 2.83495 0.00217039
 2.83497 0.00217015
 2.83499 0.00216962
 2.83501 0.00216917
 2.83502 0.00216884
 2.83505 0.00216819
 2.83506 0.00216806
 2.83509 0.00216728
 2.8351 0.0021672
 2.83513 0.0021665
 2.83514 0.00216621
 2.83516 0.00216572
 2.83519 0.00216521
 2.8352 0.00216493
 2.83523 0.00216422
 2.83523 0.00216415
 2.83527 0.00216336
 2.83527 0.00216322
 2.8353 0.00216257
 2.83532 0.00216221
 2.83534 0.00216178
 2.83536 0.00216121
 2.83537 0.00216099
 2.83541 0.0021602
 2.83541 0.00216019
 2.83544 0.0021594
 2.83545 0.00215919
 2.83548 0.0021586
 2.8355 0.00215818
 2.83551 0.0021578
 2.83554 0.00215716
 2.83555 0.002157
 2.83558 0.0021562
 2.83559 0.00215614
 2.83562 0.00215539
 2.83563 0.00215512
 2.83565 0.00215459
 2.83568 0.0021541
 2.83569 0.00215378
 2.83572 0.00215307
 2.83572 0.00215297
 2.83576 0.00215216
 2.83577 0.00215204
 2.8358 0.00215135
 2.83581 0.00215101
 2.83583 0.00215054
 2.83586 0.00214997
 2.83587 0.00214973
 2.8359 0.00214893
 2.8359 0.00214891
 2.83594 0.00214809
 2.83595 0.00214789
 2.83597 0.00214727
 2.83599 0.00214685
 2.83601 0.00214645
 2.83604 0.0021458
 2.83604 0.00214563
 2.83608 0.0021448
 2.83608 0.00214475
 2.83611 0.00214398
 2.83613 0.00214369
 2.83615 0.00214315
 2.83617 0.00214264
 2.83619 0.00214232
 2.83622 0.00214158
 2.83622 0.00214149
 2.83626 0.00214066
 2.83626 0.00214052
 2.83629 0.00213982
 2.83631 0.00213945
 2.83633 0.00213899
 2.83635 0.00213839
 2.83636 0.00213815
 2.8364 0.00213732
 2.8364 0.00213731
 2.83643 0.00213647
 2.83644 0.00213624
 2.83647 0.00213563
 2.83649 0.00213517
 2.83651 0.00213478
 2.83654 0.00213409
 2.83654 0.00213394
 2.83658 0.00213309
 2.83658 0.00213301
 2.83661 0.00213224
 2.83663 0.00213192
 2.83665 0.00213139
 2.83667 0.00213083
 2.83669 0.00213054
 2.83672 0.00212974
 2.83672 0.00212968
 2.83676 0.00212883
 2.83676 0.00212865
 2.83679 0.00212797
 2.83681 0.00212755
 2.83683 0.00212711
 2.83686 0.00212645
 2.83687 0.00212625
 2.8369 0.00212539
 2.8369 0.00212535
 2.83694 0.00212453
 2.83695 0.00212424
 2.83697 0.00212366
 2.837 0.00212313
 2.83701 0.00212279
 2.83704 0.00212202
 2.83705 0.00212192
 2.83708 0.00212105
 2.83709 0.00212091
 2.83712 0.00212018
 2.83713 0.00211979
 2.83715 0.00211931
 2.83718 0.00211867
 2.83719 0.00211843
 2.83723 0.00211755
 2.83723 0.00211754
 2.83726 0.00211668
 2.83727 0.00211642
 2.8373 0.00211579
 2.83732 0.00211529
 2.83734 0.00211491
 2.83737 0.00211416
 2.83737 0.00211403
 2.83741 0.00211314
 2.83741 0.00211302
 2.83744 0.00211225
 2.83746 0.00211188
 2.83748 0.00211137
 2.83751 0.00211074
 2.83752 0.00211047
 2.83755 0.00210959
 2.83755 0.00210958
 2.83759 0.00210869
 2.8376 0.00210844
 2.83763 0.00210779
 2.83765 0.00210729
 2.83766 0.00210689
 2.83769 0.00210614
 2.8377 0.00210599
 2.83774 0.00210509
 2.83774 0.00210498
 2.83777 0.00210419
 2.83779 0.00210382
 2.83781 0.00210329
 2.83783 0.00210266
 2.83785 0.00210238
 2.83788 0.00210149
 2.83788 0.00210147
 2.83792 0.00210056
 2.83793 0.00210032
 2.83796 0.00209965
 2.83798 0.00209915
 2.83799 0.00209874
 2.83802 0.00209797
 2.83803 0.00209782
 2.83807 0.00209691
 2.83807 0.00209679
 2.8381 0.00209599
 2.83812 0.00209561
 2.83814 0.00209507
 2.83817 0.00209443
 2.83818 0.00209415
 2.83821 0.00209324
 2.83821 0.00209322
 2.83825 0.0020923
 2.83826 0.00209204
 2.83829 0.00209137
 2.83831 0.00209085
 2.83832 0.00209044
 2.83836 0.00208965
 2.83836 0.00208951
 2.8384 0.00208858
 2.8384 0.00208845
 2.83843 0.00208764
 2.83845 0.00208725
 2.83847 0.00208671
 2.8385 0.00208604
 2.83851 0.00208577
 2.83855 0.00208483
 2.83855 0.00208483
 2.83858 0.00208389
 2.83859 0.00208361
 2.83862 0.00208295
 2.83864 0.0020824
 2.83866 0.002082
 2.83869 0.00208118
 2.83869 0.00208106
 2.83873 0.00208011
 2.83874 0.00207995
 2.83877 0.00207916
 2.83879 0.00207872
 2.83881 0.00207821
 2.83883 0.00207749
 2.83884 0.00207725
 2.83888 0.0020763
 2.83888 0.00207626
 2.83892 0.00207534
 2.83893 0.00207502
 2.83895 0.00207438
 2.83898 0.00207378
 2.83899 0.00207342
 2.83903 0.00207254
 2.83903 0.00207246
 2.83907 0.0020715
 2.83907 0.0020713
 2.8391 0.00207053
 2.83912 0.00207005
 2.83914 0.00206956
 2.83917 0.00206879
 2.83918 0.00206859
 2.83922 0.00206762
 2.83922 0.00206754
 2.83925 0.00206665
 2.83927 0.00206628
 2.83929 0.00206568
 2.83932 0.00206501
 2.83933 0.0020647
 2.83937 0.00206375
 2.83937 0.00206372
 2.8394 0.00206274
 2.83941 0.00206248
 2.83944 0.00206176
 2.83946 0.00206121
 2.83948 0.00206077
 2.83951 0.00205993
 2.83952 0.00205979
 2.83955 0.0020588
 2.83956 0.00205865
 2.83959 0.00205781
 2.83961 0.00205737
 2.83963 0.00205682
 2.83966 0.00205608
 2.83967 0.00205583
 2.83971 0.00205483
 2.83971 0.00205479
 2.83974 0.00205384
 2.83976 0.0020535
 2.83978 0.00205284
 2.83981 0.0020522
 2.83982 0.00205184
 2.83985 0.0020509
 2.83986 0.00205084
 2.83989 0.00204983
 2.8399 0.0020496
 2.83993 0.00204883
 2.83995 0.00204829
 2.83997 0.00204782
 2.84 0.00204698
 2.84001 0.00204681
 2.84005 0.0020458
 2.84005 0.00204567
 2.84008 0.00204479
 2.8401 0.00204436
 2.84012 0.00204377
 2.84015 0.00204304
 2.84016 0.00204276
 2.8402 0.00204174
 2.8402 0.00204171
 2.84024 0.00204072
 2.84025 0.00204039
 2.84027 0.00203969
 2.8403 0.00203906
 2.84031 0.00203867
 2.84035 0.00203772
 2.84035 0.00203765
 2.84039 0.00203662
 2.8404 0.00203638
 2.84043 0.00203559
 2.84045 0.00203504
 2.84047 0.00203456
 2.8405 0.0020337
 2.8405 0.00203352
 2.84054 0.00203249
 2.84055 0.00203235
 2.84058 0.00203145
 2.8406 0.002031
 2.84062 0.00203041
 2.84065 0.00202965
 2.84066 0.00202937
 2.84069 0.00202833
 2.8407 0.00202829
 2.84073 0.00202728
 2.84075 0.00202693
 2.84077 0.00202624
 2.8408 0.00202556
 2.84081 0.00202519
 2.84085 0.0020242
 2.84085 0.00202414
 2.84089 0.00202309
 2.8409 0.00202282
 2.84093 0.00202203
 2.84095 0.00202145
 2.84096 0.00202098
 2.841 0.00202007
 2.841 0.00201992
 2.84104 0.00201886
 2.84105 0.00201869
 2.84108 0.0020178
 2.8411 0.0020173
 2.84112 0.00201674
 2.84115 0.00201591
 2.84116 0.00201567
 2.8412 0.0020146
 2.8412 0.00201452
 2.84123 0.00201354
 2.84125 0.00201312
 2.84127 0.00201246
 2.8413 0.00201172
 2.84131 0.00201139
 2.84135 0.00201032
 2.84135 0.00201032
 2.84139 0.00200924
 2.8414 0.00200891
 2.84143 0.00200816
 2.84145 0.0020075
 2.84147 0.00200708
 2.8415 0.00200609
 2.8415 0.002006
 2.84154 0.00200491
 2.84155 0.00200467
 2.84158 0.00200383
 2.8416 0.00200325
 2.84162 0.00200274
 2.84165 0.00200182
 2.84166 0.00200165
 2.8417 0.00200056
 2.84171 0.00200039
 2.84174 0.00199946
 2.84176 0.00199896
 2.84178 0.00199837
 2.84181 0.00199752
 2.84182 0.00199727
 2.84186 0.00199617
 2.84186 0.00199608
 2.84189 0.00199507
 2.84191 0.00199464
 2.84193 0.00199397
 2.84196 0.00199319
 2.84197 0.00199286
 2.84201 0.00199175
 2.84201 0.00199174
 2.84205 0.00199064
 2.84206 0.00199029
 2.84209 0.00198953
 2.84211 0.00198883
 2.84213 0.00198842
 2.84217 0.00198737
 2.84217 0.00198731
 2.84221 0.00198619
 2.84222 0.0019859
 2.84225 0.00198507
 2.84227 0.00198443
 2.84229 0.00198395
 2.84232 0.00198296
 2.84232 0.00198283
 2.84236 0.0019817
 2.84237 0.00198148
 2.8424 0.00198057
 2.84242 0.00198
 2.84244 0.00197944
 2.84248 0.00197852
 2.84248 0.00197831
 2.84252 0.00197718
 2.84253 0.00197703
 2.84256 0.00197605
 2.84258 0.00197554
 2.8426 0.00197491
 2.84263 0.00197404
 2.84264 0.00197377
 2.84268 0.00197263
 2.84268 0.00197255
 2.84272 0.00197149
 2.84273 0.00197104
 2.84276 0.00197034
 2.84279 0.00196954
 2.8428 0.0019692
 2.84284 0.00196805
 2.84284 0.00196803
 2.84288 0.0019669
 2.84289 0.00196651
 2.84292 0.00196575
 2.84294 0.00196499
 2.84296 0.00196459
 2.84299 0.00196347
 2.843 0.00196343
 2.84304 0.00196228
 2.84305 0.00196195
 2.84308 0.00196112
 2.8431 0.00196042
 2.84311 0.00195995
 2.84315 0.00195889
 2.84315 0.00195879
 2.84319 0.00195762
 2.8432 0.00195735
 2.84323 0.00195645
 2.84326 0.00195581
 2.84327 0.00195528
 2.84331 0.00195426
 2.84331 0.00195411
 2.84335 0.00195294
 2.84336 0.00195271
 2.84339 0.00195176
 2.84341 0.00195116
 2.84343 0.00195058
 2.84347 0.00194961
 2.84347 0.0019494
 2.84351 0.00194822
 2.84352 0.00194805
 2.84355 0.00194703
 2.84357 0.00194648
 2.84359 0.00194585
 2.84362 0.00194491
 2.84363 0.00194466
 2.84367 0.00194347
 2.84368 0.00194334
 2.84371 0.00194228
 2.84373 0.00194177
 2.84375 0.00194108
 2.84378 0.00194019
 2.84379 0.00193988
 2.84383 0.00193869
 2.84384 0.0019386
 2.84387 0.00193749
 2.84389 0.00193702
 2.84391 0.00193628
 2.84394 0.00193543
 2.84395 0.00193508
 2.84399 0.00193387
 2.844 0.00193383
 2.84403 0.00193266
 2.84405 0.00193223
 2.84407 0.00193145
 2.8441 0.00193063
 2.84411 0.00193024
 2.84416 0.00192902
 2.84416 0.00192902
 2.8442 0.00192781
 2.84421 0.00192741
 2.84424 0.00192659
 2.84426 0.0019258
 2.84428 0.00192537
 2.84432 0.00192418
 2.84432 0.00192414
 2.84436 0.00192292
 2.84437 0.00192255
 2.8444 0.00192169
 2.84442 0.00192093
 2.84444 0.00192046
 2.84448 0.0019193
 2.84448 0.00191923
 2.84452 0.001918
 2.84453 0.00191766
 2.84456 0.00191676
 2.84458 0.00191602
 2.8446 0.00191552
 2.84464 0.00191438
 2.84464 0.00191428
 2.84468 0.00191304
 2.84469 0.00191273
 2.84472 0.0019118
 2.84474 0.00191108
 2.84476 0.00191055
 2.8448 0.00190943
 2.8448 0.0019093
 2.84484 0.00190805
 2.84485 0.00190777
 2.84488 0.0019068
 2.84491 0.00190611
 2.84492 0.00190555
 2.84496 0.00190444
 2.84497 0.00190429
 2.84501 0.00190303
 2.84501 0.00190277
 2.84505 0.00190177
 2.84507 0.00190109
 2.84509 0.00190051
 2.84512 0.00189941
 2.84513 0.00189924
 2.84517 0.00189798
 2.84518 0.00189773
 2.84521 0.00189671
 2.84523 0.00189604
 2.84525 0.00189544
 2.84529 0.00189435
 2.84529 0.00189416
 2.84533 0.00189289
 2.84534 0.00189265
 2.84537 0.00189161
 2.84539 0.00189095
 2.84541 0.00189033
 2.84545 0.00188925
 2.84546 0.00188905
 2.8455 0.00188777
 2.8455 0.00188754
 2.84554 0.00188648
 2.84556 0.00188583
 2.84558 0.00188519
 2.84561 0.00188411
 2.84562 0.0018839
 2.84566 0.00188261
 2.84567 0.00188239
 2.8457 0.00188131
 2.84572 0.00188067
 2.84574 0.00188002
 2.84578 0.00187894
 2.84578 0.00187872
 2.84583 0.00187742
 2.84583 0.0018772
 2.84587 0.00187612
 2.84589 0.00187547
 2.84591 0.00187481
 2.84594 0.00187373
 2.84595 0.0018735
 2.84599 0.00187219
 2.846 0.00187198
 2.84603 0.00187088
 2.84605 0.00187023
 2.84607 0.00186957
 2.84611 0.00186847
 2.84611 0.00186825
 2.84616 0.00186694
 2.84616 0.00186672
 2.8462 0.00186562
 2.84622 0.00186495
 2.84624 0.00186429
 2.84627 0.00186319
 2.84628 0.00186297
 2.84632 0.00186164
 2.84633 0.00186142
 2.84636 0.00186031
 2.84638 0.00185964
 2.8464 0.00185898
 2.84644 0.00185786
 2.84645 0.00185765
 2.84649 0.00185632
 2.84649 0.00185608
 2.84653 0.00185498
 2.84655 0.00185429
 2.84657 0.00185364
 2.84661 0.00185249
 2.84661 0.0018523
 2.84665 0.00185095
 2.84666 0.0018507
 2.8467 0.00184961
 2.84672 0.0018489
 2.84674 0.00184826
 2.84677 0.00184709
 2.84678 0.00184691
 2.84682 0.00184556
 2.84683 0.00184528
 2.84686 0.0018442
 2.84688 0.00184347
 2.8469 0.00184284
 2.84694 0.00184165
 2.84695 0.00184149
 2.84699 0.00184012
 2.847 0.00183983
 2.84703 0.00183876
 2.84705 0.001838
 2.84707 0.00183739
 2.84711 0.00183617
 2.84711 0.00183603
 2.84715 0.00183466
 2.84716 0.00183433
 2.8472 0.00183328
 2.84722 0.00183249
 2.84724 0.00183191
 2.84728 0.00183064
 2.84728 0.00183053
 2.84732 0.00182915
 2.84733 0.0018288
 2.84736 0.00182777
 2.84739 0.00182694
 2.84741 0.00182639
 2.84745 0.00182508
 2.84745 0.001825
 2.84749 0.00182362
 2.8475 0.00182322
 2.84753 0.00182223
 2.84756 0.00182135
 2.84757 0.00182083
 2.84761 0.00181948
 2.84762 0.00181944
 2.84766 0.00181804
 2.84767 0.00181761
 2.8477 0.00181664
 2.84773 0.00181573
 2.84774 0.00181524
 2.84778 0.00181384
 2.84778 0.00181384
 2.84783 0.00181243
 2.84784 0.00181195
 2.84787 0.00181103
 2.8479 0.00181006
 2.84791 0.00180962
 2.84795 0.0018082
 2.84796 0.00180816
 2.848 0.00180679
 2.84801 0.00180626
 2.84804 0.00180537
 2.84807 0.00180435
 2.84808 0.00180395
 2.84812 0.00180253
 2.84813 0.00180244
 2.84817 0.00180111
 2.84818 0.00180052
 2.84821 0.00179968
 2.84824 0.0017986
 2.84825 0.00179826
 2.84829 0.00179683
 2.8483 0.00179668
 2.84834 0.00179539
 2.84835 0.00179475
 2.84838 0.00179396
 2.84841 0.00179281
 2.84842 0.00179252
 2.84846 0.00179108
 2.84847 0.00179087
 2.84851 0.00178964
 2.84853 0.00178893
 2.84855 0.0017882
 2.84858 0.00178698
 2.84859 0.00178675
 2.84863 0.0017853
 2.84864 0.00178503
 2.84868 0.00178385
 2.8487 0.00178307
 2.84872 0.0017824
 2.84876 0.00178111
 2.84876 0.00178094
 2.8488 0.00177949
 2.84881 0.00177915
 2.84885 0.00177803
 2.84887 0.00177717
 2.84889 0.00177656
 2.84893 0.0017752
 2.84893 0.0017751
 2.84897 0.00177363
 2.84899 0.00177322
 2.84902 0.00177217
 2.84904 0.00177123
 2.84906 0.00177069
 2.8491 0.00176924
 2.8491 0.00176922
 2.84915 0.00176774
 2.84916 0.00176725
 2.84919 0.00176627
 2.84922 0.00176525
 2.84923 0.00176479
 2.84927 0.0017633
 2.84928 0.00176325
 2.84932 0.00176182
 2.84933 0.00176124
 2.84936 0.00176033
 2.84939 0.00175923
 2.8494 0.00175884
 2.84945 0.00175735
 2.84945 0.00175721
 2.84949 0.00175586
 2.84951 0.00175519
 2.84953 0.00175436
 2.84957 0.00175316
 2.84958 0.00175286
 2.84962 0.00175136
 2.84963 0.00175113
 2.84966 0.00174986
 2.84968 0.00174909
 2.84971 0.00174835
 2.84974 0.00174705
 2.84975 0.00174684
 2.84979 0.00174533
 2.8498 0.001745
 2.84983 0.00174382
 2.84986 0.00174295
 2.84988 0.0017423
 2.84992 0.0017409
 2.84992 0.00174079
 2.84996 0.00173927
 2.84998 0.00173884
 2.85001 0.00173774
 2.85004 0.00173677
 2.85005 0.00173622
 2.85009 0.0017347
 2.85009 0.00173469
 2.85014 0.00173316
 2.85015 0.00173263
 2.85018 0.00173163
 2.85021 0.00173055
 2.85022 0.0017301
 2.85027 0.00172856
 2.85027 0.00172846
 2.85031 0.00172702
 2.85033 0.00172638
 2.85035 0.00172548
 2.85039 0.00172428
 2.8504 0.00172394
 2.85044 0.00172239
 2.85045 0.00172218
 2.85049 0.00172085
 2.85051 0.00172008
 2.85053 0.0017193
 2.85057 0.00171797
 2.85057 0.00171774
 2.85062 0.00171619
 2.85063 0.00171586
 2.85066 0.00171463
 2.85068 0.00171374
 2.8507 0.00171307
 2.85074 0.00171162
 2.85075 0.00171151
 2.85079 0.00170994
 2.8508 0.00170949
 2.85083 0.00170838
 2.85086 0.00170736
 2.85088 0.00170681
 2.85092 0.00170524
 2.85092 0.00170522
 2.85097 0.00170366
 2.85098 0.00170307
 2.85101 0.00170208
 2.85104 0.00170093
 2.85105 0.00170051
 2.8511 0.00169892
 2.8511 0.00169877
 2.85114 0.00169734
 2.85116 0.00169662
 2.85118 0.00169576
 2.85122 0.00169445
 2.85123 0.00169417
 2.85127 0.00169258
 2.85128 0.00169229
 2.85132 0.00169098
 2.85134 0.00169011
 2.85136 0.00168939
 2.8514 0.00168794
 2.8514 0.00168779
 2.85145 0.00168619
 2.85146 0.00168576
 2.85149 0.00168459
 2.85152 0.00168357
 2.85154 0.00168298
 2.85158 0.00168138
 2.85158 0.00168137
 2.85162 0.00167976
 2.85164 0.00167918
 2.85167 0.00167815
 2.8517 0.00167698
 2.85171 0.00167653
 2.85176 0.00167492
 2.85176 0.00167477
 2.8518 0.0016733
 2.85182 0.00167256
 2.85184 0.00167168
 2.85188 0.00167034
 2.85189 0.00167005
 2.85193 0.00166842
 2.85194 0.00166812
 2.85198 0.00166679
 2.852 0.00166589
 2.85202 0.00166516
 2.85206 0.00166366
 2.85207 0.00166353
 2.85211 0.00166189
 2.85212 0.00166142
 2.85215 0.00166025
 2.85218 0.00165918
 2.8522 0.00165861
 2.85224 0.00165697
 2.85224 0.00165693
 2.85229 0.00165532
 2.8523 0.00165467
 2.85233 0.00165367
 2.85237 0.00165242
 2.85238 0.00165202
 2.85242 0.00165036
 2.85243 0.00165015
 2.85246 0.00164871
 2.85249 0.00164788
 2.85251 0.00164705
 2.85255 0.00164561
 2.85255 0.00164539
 2.8526 0.00164372
 2.85261 0.00164333
 2.85264 0.00164206
 2.85267 0.00164105
 2.85269 0.00164039
 2.85273 0.00163876
 2.85273 0.00163872
 2.85278 0.00163704
 2.85279 0.00163647
 2.85282 0.00163537
 2.85285 0.00163417
 2.85287 0.00163369
 2.85291 0.00163201
 2.85291 0.00163186
 2.85296 0.00163033
 2.85298 0.00162955
 2.853 0.00162864
 2.85304 0.00162724
 2.85304 0.00162695
 2.85309 0.00162526
 2.8531 0.00162492
 2.85313 0.00162357
 2.85316 0.00162259
 2.85318 0.00162187
 2.85322 0.00162026
 2.85322 0.00162017
 2.85327 0.00161847
 2.85328 0.00161792
 2.85331 0.00161677
 2.85334 0.00161558
 2.85336 0.00161506
 2.8534 0.00161335
 2.85341 0.00161324
 2.85345 0.00161164
 2.85347 0.00161088
 2.85349 0.00160993
 2.85353 0.00160853
 2.85354 0.00160821
 2.85358 0.00160649
 2.85359 0.00160617
 2.85363 0.00160477
 2.85365 0.0016038
 2.85367 0.00160305
 2.85372 0.00160142
 2.85372 0.00160132
 2.85376 0.00159959
 2.85378 0.00159905
 2.85381 0.00159786
 2.85384 0.00159666
 2.85385 0.00159613
 2.8539 0.00159439
 2.8539 0.00159427
 2.85394 0.00159266
 2.85396 0.00159188
 2.85399 0.00159091
 2.85403 0.00158948
 2.85403 0.00158917
 2.85408 0.00158742
 2.85409 0.00158707
 2.85412 0.00158568
 2.85415 0.00158466
 2.85417 0.00158392
 2.85421 0.00158225
 2.85421 0.00158217
 2.85426 0.00158041
 2.85428 0.00157983
 2.85431 0.00157866
 2.85434 0.0015774
 2.85435 0.00157689
 2.8544 0.00157513
 2.8544 0.00157497
 2.85444 0.00157336
 2.85446 0.00157253
 2.85449 0.00157159
 2.85453 0.00157009
 2.85453 0.00156982
 2.85458 0.00156805
 2.85459 0.00156764
 2.85462 0.00156627
 2.85465 0.00156519
 2.85467 0.00156449
 2.85471 0.00156273
 2.85471 0.00156271
 2.85476 0.00156093
 2.85478 0.00156026
 2.8548 0.00155914
 2.85484 0.00155779
 2.85485 0.00155735
 2.8549 0.00155556
 2.8549 0.00155532
 2.85494 0.00155376
 2.85497 0.00155284
 2.85499 0.00155197
 2.85503 0.00155035
 2.85503 0.00155017
 2.85508 0.00154836
 2.85509 0.00154786
 2.85512 0.00154656
 2.85515 0.00154536
 2.85517 0.00154475
 2.85522 0.00154294
 2.85522 0.00154286
 2.85526 0.00154113
 2.85528 0.00154035
 2.85531 0.00153931
 2.85534 0.00153783
 2.85535 0.00153749
 2.8554 0.00153567
 2.85541 0.00153531
 2.85544 0.00153385
 2.85547 0.00153279
 2.85549 0.00153202
 2.85553 0.00153026
 2.85554 0.0015302
 2.85558 0.00152837
 2.8556 0.00152772
 2.85563 0.00152653
 2.85566 0.00152518
 2.85567 0.0015247
 2.85572 0.00152286
 2.85573 0.00152263
 2.85577 0.00152102
 2.85579 0.00152008
 2.85581 0.00151917
 2.85585 0.00151752
 2.85586 0.00151732
 2.8559 0.00151548
 2.85592 0.00151495
 2.85595 0.00151362
 2.85598 0.00151238
 2.856 0.00151177
 2.85604 0.00150991
 2.85604 0.00150981
 2.85609 0.00150805
 2.85611 0.00150723
 2.85613 0.00150619
 2.85617 0.00150464
 2.85618 0.00150433
 2.85623 0.00150246
 2.85624 0.00150205
 2.85627 0.00150059
 2.8563 0.00149945
 2.85632 0.00149871
 2.85636 0.00149684
 2.85636 0.00149684
 2.85641 0.00149496
 2.85643 0.00149423
 2.85646 0.00149308
 2.85649 0.00149162
 2.8565 0.0014912
 2.85655 0.00148931
 2.85656 0.00148899
 2.8566 0.00148742
 2.85662 0.00148637
 2.85664 0.00148553
 2.85669 0.00148373
 2.85669 0.00148364
 2.85674 0.00148174
 2.85675 0.0014811
 2.85678 0.00147984
 2.85682 0.00147845
 2.85683 0.00147794
 2.85687 0.00147603
 2.85688 0.0014758
 2.85692 0.00147413
 2.85694 0.00147314
 2.85697 0.00147222
 2.85701 0.00147048
 2.85701 0.0014703
 2.85706 0.00146839
 2.85707 0.00146782
 2.85711 0.00146647
 2.85714 0.00146514
 2.85715 0.00146455
 2.8572 0.00146263
 2.8572 0.00146246
 2.85725 0.0014607
 2.85727 0.00145978
 2.85729 0.00145877
 2.85733 0.00145709
 2.85734 0.00145684
 2.85739 0.00145491
 2.8574 0.00145439
 2.85743 0.00145297
 2.85746 0.00145169
 2.85748 0.00145103
 2.85753 0.00144909
 2.85753 0.00144898
 2.85757 0.00144714
 2.85759 0.00144626
 2.85762 0.0014452
 2.85766 0.00144354
 2.85767 0.00144325
 2.85771 0.00144129
 2.85773 0.00144082
 2.85776 0.00143934
 2.85779 0.00143808
 2.85781 0.00143738
 2.85785 0.00143542
 2.85786 0.00143535
 2.8579 0.00143345
 2.85792 0.0014326
 2.85795 0.00143149
 2.85799 0.00142985
 2.858 0.00142952
 2.85804 0.00142755
 2.85805 0.0014271
 2.85809 0.00142557
 2.85812 0.00142433
 2.85814 0.0014236
 2.85818 0.00142162
 2.85818 0.00142157
 2.85823 0.00141963
 2.85825 0.00141879
 2.85828 0.00141765
 2.85832 0.00141601
 2.85832 0.00141566
 2.85837 0.00141367
 2.85838 0.00141323
 2.85842 0.00141167
 2.85845 0.00141043
 2.85847 0.00140968
 2.85851 0.00140768
 2.85851 0.00140764
 2.85856 0.00140568
 2.85858 0.00140483
 2.85861 0.00140367
 2.85865 0.00140202
 2.85865 0.00140167
 2.8587 0.00139966
 2.85871 0.00139921
 2.85875 0.00139764
 2.85878 0.00139638
 2.8588 0.00139563
 2.85884 0.00139361
 2.85884 0.00139356
 2.85889 0.00139159
 2.85891 0.00139072
 2.85894 0.00138956
 2.85898 0.00138788
 2.85898 0.00138754
 2.85903 0.00138551
 2.85904 0.00138504
 2.85908 0.00138348
 2.85911 0.00138218
 2.85913 0.00138144
 2.85917 0.0013794
 2.85918 0.00137932
 2.85922 0.00137736
 2.85924 0.00137646
 2.85927 0.00137532
 2.85931 0.00137359
 2.85932 0.00137327
 2.85936 0.00137123
 2.85938 0.00137071
 2.85941 0.00136917
 2.85944 0.00136783
 2.85946 0.00136712
 2.85951 0.00136506
 2.85951 0.00136494
 2.85955 0.001363
 2.85958 0.00136204
 2.8596 0.00136094
 2.85964 0.00135914
 2.85965 0.00135887
 2.8597 0.00135681
 2.85971 0.00135623
 2.85975 0.00135474
 2.85978 0.00135332
 2.85979 0.00135266
 2.85984 0.00135059
 2.85984 0.0013504
 2.85989 0.00134851
 2.85991 0.00134747
 2.85994 0.00134642
 2.85998 0.00134454
 2.85998 0.00134434
 2.86003 0.00134225
 2.86005 0.0013416
 2.86008 0.00134016
 2.86011 0.00133866
 2.86013 0.00133807
 2.86017 0.00133597
 2.86018 0.0013357
 2.86022 0.00133387
 2.86025 0.00133275
 2.86027 0.00133177
 2.86032 0.00132978
 2.86032 0.00132967
 2.86037 0.00132756
 2.86038 0.00132681
 2.86041 0.00132545
 2.86045 0.00132383
 2.86046 0.00132333
 2.86051 0.00132122
 2.86052 0.00132085
 2.86056 0.0013191
 2.86059 0.00131786
 2.86061 0.00131698
 2.86065 0.00131487
 2.86065 0.00131485
 2.8607 0.00131273
 2.86072 0.00131186
 2.86075 0.0013106
 2.86079 0.00130885
 2.8608 0.00130846
 2.86085 0.00130633
 2.86086 0.00130584
 2.86089 0.00130419
 2.86093 0.00130282
 2.86094 0.00130205
 2.86099 0.0012999
 2.86099 0.00129979
 2.86104 0.00129776
 2.86106 0.00129676
 2.86109 0.00129561
 2.86113 0.00129372
 2.86114 0.00129345
 2.86118 0.0012913
 2.8612 0.00129067
 2.86123 0.00128914
 2.86127 0.00128762
 2.86128 0.00128698
 2.86133 0.00128481
 2.86133 0.00128456
 2.86138 0.00128265
 2.8614 0.00128149
 2.86143 0.00128048
 2.86147 0.00127842
 2.86147 0.0012783
 2.86152 0.00127613
 2.86154 0.00127534
 2.86157 0.00127395
 2.86161 0.00127225
 2.86162 0.00127177
 2.86167 0.00126958
 2.86168 0.00126916
 2.86172 0.0012674
 2.86175 0.00126606
 2.86176 0.00126521
 2.86181 0.00126301
 2.86181 0.00126296
 2.86186 0.00126082
 2.86188 0.00125984
 2.86191 0.00125862
 2.86195 0.00125673
 2.86196 0.00125642
 2.86201 0.00125421
 2.86202 0.0012536
 2.86206 0.00125201
 2.86209 0.00125047
 2.8621 0.0012498
 2.86215 0.00124758
 2.86216 0.00124733
 2.8622 0.00124537
 2.86223 0.00124419
 2.86225 0.00124315
 2.8623 0.00124104
 2.8623 0.00124093
 2.86235 0.0012387
 2.86237 0.00123788
 2.8624 0.00123647
 2.86244 0.00123471
 2.86245 0.00123424
 2.86249 0.00123201
 2.8625 0.00123154
 2.86254 0.00122977
 2.86257 0.00122836
 2.86259 0.00122753
 2.86264 0.00122529
 2.86264 0.00122518
 2.86269 0.00122305
 2.86271 0.00122199
 2.86274 0.0012208
 2.86278 0.00121879
 2.86279 0.00121855
 2.86284 0.00121629
 2.86285 0.00121559
 2.86289 0.00121404
 2.86292 0.00121238
 2.86293 0.00121178
 2.86298 0.00120951
 2.86299 0.00120916
 2.86303 0.00120725
 2.86306 0.00120593
 2.86308 0.00120498
 2.86313 0.00120271
 2.86313 0.0012027
 2.86318 0.00120043
 2.8632 0.00119947
 2.86323 0.00119816
 2.86327 0.00119622
 2.86328 0.00119588
 2.86333 0.00119359
 2.86334 0.00119297
 2.86338 0.00119131
 2.86341 0.00118971
 2.86342 0.00118902
 2.86347 0.00118672
 2.86348 0.00118645
 2.86352 0.00118443
 2.86355 0.00118318
 2.86357 0.00118213
 2.86362 0.0011799
 2.86362 0.00117983
 2.86367 0.00117753
 2.86369 0.00117661
 2.86372 0.00117522
 2.86376 0.00117332
 2.86377 0.00117291
 2.86382 0.0011706
 2.86383 0.00117002
 2.86387 0.00116828
 2.8639 0.00116672
 2.86392 0.00116596
 2.86397 0.00116364
 2.86397 0.0011634
 2.86402 0.00116132
 2.86404 0.00116008
 2.86407 0.00115899
 2.86411 0.00115676
 2.86411 0.00115666
 2.86416 0.00115432
 2.86418 0.00115342
 2.86421 0.00115199
 2.86425 0.00115008
 2.86426 0.00114965
 2.86431 0.0011473
 2.86432 0.00114674
 2.86436 0.00114496
 2.8644 0.00114338
 2.86441 0.00114261
 2.86446 0.00114026
 2.86447 0.00114002
 2.86451 0.0011379
 2.86454 0.00113666
 2.86456 0.00113554
 2.86461 0.00113328
 2.86461 0.00113318
 2.86466 0.00113082
 2.86468 0.0011299
 2.86471 0.00112845
 2.86475 0.00112651
 2.86476 0.00112608
 2.86481 0.00112371
 2.86482 0.00112311
 2.86486 0.00112134
 2.86489 0.00111971
 2.86491 0.00111896
 2.86496 0.00111657
 2.86496 0.0011163
 2.86501 0.00111419
 2.86504 0.00111289
 2.86506 0.0011118
 2.86511 0.00110946
 2.86511 0.00110941
 2.86516 0.00110702
 2.86518 0.00110603
 2.86521 0.00110462
 2.86525 0.00110259
 2.86526 0.00110222
 2.86531 0.00109982
 2.86532 0.00109915
 2.86536 0.00109741
 2.86539 0.0010957
 2.86541 0.001095
 2.86546 0.00109259
 2.86546 0.00109224
 2.86551 0.00109018
 2.86554 0.00108877
 2.86556 0.00108776
 2.86561 0.00108534
 2.86561 0.0010853
 2.86566 0.00108291
 2.86568 0.00108182
 2.86571 0.00108048
 2.86575 0.00107833
 2.86576 0.00107805
 2.86581 0.00107562
 2.86582 0.00107484
 2.86586 0.00107318
 2.86589 0.00107134
 2.86591 0.00107074
 2.86596 0.0010683
 2.86597 0.00106783
 2.86601 0.00106586
 2.86604 0.00106431
 2.86606 0.00106341
 2.86611 0.00106096
 2.86611 0.00106079
 2.86616 0.0010585
 2.86618 0.00105726
 2.86621 0.00105604
 2.86626 0.00105372
 2.86626 0.00105358
 2.86631 0.00105112
 2.86633 0.00105018
 2.86636 0.00104865
 2.8664 0.00104663
 2.86641 0.00104618
 2.86646 0.00104371
 2.86647 0.00104307
 2.86651 0.00104123
 2.86655 0.0010395
 2.86656 0.00103875
 2.86661 0.00103627
 2.86662 0.00103593
 2.86666 0.00103378
 2.86669 0.00103235
 2.86671 0.00103129
 2.86676 0.0010288
 2.86676 0.00102876
 2.86681 0.00102631
 2.86684 0.00102516
 2.86686 0.00102381
 2.86691 0.00102156
 2.86691 0.00102131
 2.86696 0.0010188
 2.86698 0.00101795
 2.86701 0.0010163
 2.86705 0.00101433
 2.86707 0.00101379
 2.86712 0.00101127
 2.86713 0.00101071
 2.86717 0.00100875
 2.8672 0.00100708
 2.86722 0.00100624
 2.86727 0.00100371
 2.86727 0.00100344
 2.86732 0.00100119
 2.86735 0.000999789
 2.86737 0.000998657
 2.86742 0.000996135
 2.86742 0.000996125
 2.86747 0.000993589
 2.86749 0.000992473
 2.86752 0.000991051
 2.86757 0.000988805
 2.86757 0.000988509
 2.86762 0.000985964
 2.86764 0.000985128
 2.86767 0.000983416
 2.86771 0.000981444
 2.86772 0.000980865
 2.86777 0.000978311
 2.86779 0.000977753
 2.86783 0.000975753
 2.86786 0.000974055
 2.86788 0.000973193
 2.86793 0.000970629
 2.86793 0.000970349
 2.86798 0.000968062
 2.86801 0.000966635
 2.86803 0.000965493
 2.86808 0.000962919
 2.86808 0.000962914
 2.86813 0.000960343
 2.86815 0.000959185
 2.86818 0.000957764
 2.86823 0.000955449
 2.86823 0.000955181
 2.86828 0.000952595
 2.8683 0.000951706
 2.86834 0.000950007
 2.86838 0.000947955
 2.86839 0.000947415
 2.86844 0.000944819
 2.86845 0.000944196
 2.86849 0.000942221
 2.86852 0.00094043
 2.86854 0.000939619
 2.86859 0.000937015
 2.8686 0.000936656
 2.86864 0.000934407
 2.86867 0.000932875
 2.86869 0.000931796
 2.86874 0.000929181
 2.86875 0.000929086
 2.8688 0.000926564
 2.86882 0.000925289
 2.86885 0.000923943
 2.86889 0.000921485
 2.8689 0.00092132
 2.86895 0.000918693
 2.86897 0.000917673
 2.869 0.000916063
 2.86904 0.000913854
 2.86905 0.000913429
 2.8691 0.000910793
 2.86912 0.000910027
 2.86915 0.000908153
 2.86919 0.000906192
 2.86921 0.00090551
 2.86926 0.000902864
 2.86927 0.00090235
 2.86931 0.000900214
 2.86934 0.0008985
 2.86936 0.000897562
 2.86941 0.000894906
 2.86942 0.000894642
 2.86946 0.000892247
 2.86949 0.000890777
 2.86951 0.000889585
 2.86957 0.00088692
 2.86957 0.000886904
 2.86962 0.000884251
 2.86964 0.000883023
 2.86967 0.000881579
 2.86972 0.000879134
 2.86972 0.000878904
 2.86977 0.000876226
 2.86979 0.000875238
 2.86982 0.000873544
 2.86987 0.000871334
 2.86987 0.00087086
 2.86993 0.000868172
 2.86994 0.000867422
 2.86998 0.000865481
 2.87002 0.000863502
 2.87003 0.000862786
 2.87008 0.000860089
 2.87009 0.000859574
 2.87013 0.000857388
 2.87017 0.000855639
 2.87018 0.000854684
 2.87024 0.000851976
 2.87024 0.000851696
 2.87029 0.000849266
 2.87032 0.000847745
 2.87034 0.000846552
 2.87039 0.000843835
 2.87039 0.000843786
 2.87044 0.000841115
 2.87047 0.00083982
 2.8705 0.000838391
 2.87054 0.000835845
 2.87055 0.000835664
 2.8706 0.000832934
 2.87062 0.000831863
 2.87065 0.000830201
 2.8707 0.000827872
 2.8707 0.000827464
 2.87076 0.000824724
 2.87077 0.000823874
 2.87081 0.000821981
 2.87085 0.000819868
 2.87086 0.000819235
 2.87091 0.000816485
 2.87092 0.000815854
 2.87096 0.000813732
 2.871 0.000811832
 2.87101 0.000810976
 2.87107 0.000808217
 2.87107 0.000807802
 2.87112 0.000805454
 2.87115 0.000803764
 2.87117 0.000802688
 2.87122 0.000799918
 2.87123 0.000799718
 2.87128 0.000797146
 2.8713 0.000795664
 2.87133 0.00079437
 2.87138 0.000791603
 2.87138 0.000791591
 2.87143 0.000788808
 2.87146 0.000787533
 2.87148 0.000786023
 2.87153 0.000783455
 2.87154 0.000783234
 2.87159 0.000780441
 2.87161 0.000779369
 2.87164 0.000777646
 2.87168 0.000775275
 2.87169 0.000774847
 2.87175 0.000772045
 2.87176 0.000771173
 2.8718 0.000769239
 2.87184 0.000767062
 2.87185 0.00076643
 2.8719 0.000763618
 2.87191 0.000762944
 2.87195 0.000760803
 2.87199 0.000758818
 2.87201 0.000757984
 2.87206 0.000755162
 2.87207 0.000754683
 2.87211 0.000752336
 2.87214 0.000750541
 2.87216 0.000749508
 2.87222 0.000746676
 2.87222 0.00074639
 2.87227 0.00074384
 2.8723 0.000742231
 2.87232 0.000741002
 2.87237 0.00073816
 2.87238 0.000738064
 2.87243 0.000735314
 2.87245 0.000733889
 2.87248 0.000732466
 2.87253 0.000729706
 2.87253 0.000729614
 2.87258 0.000726758
 2.87261 0.000725514
 2.87264 0.0007239
 2.87268 0.000721314
 2.87269 0.000721038
 2.87274 0.000718172
 2.87276 0.000717106
 2.87279 0.000715303
 2.87284 0.00071289
 2.87285 0.000712431
 2.8729 0.000709556
 2.87292 0.000708666
 2.87295 0.000706677
 2.87299 0.000704433
 2.87301 0.000703795
 2.87306 0.00070091
 2.87307 0.000700192
 2.87311 0.000698021
 2.87315 0.000695943
 2.87316 0.000695129
 2.87322 0.000692233
 2.87323 0.000691685
 2.87327 0.000689334
 2.8733 0.000687419
 2.87332 0.000686432
 2.87337 0.000683526
 2.87338 0.000683145
 2.87343 0.000680617
 2.87346 0.000678863
 2.87348 0.000677705
 2.87353 0.000674789
 2.87354 0.000674572
 2.87359 0.00067187
 2.87362 0.000670272
 2.87364 0.000668948
 2.87369 0.000666022
 2.87369 0.000665965
 2.87375 0.000663092
 2.87377 0.000661649
 2.8738 0.00066016
 2.87385 0.000657324
 2.87385 0.000657224
 2.8739 0.000654284
 2.87393 0.000652992
 2.87396 0.000651342
 2.87401 0.00064865
 2.87401 0.000648395
 2.87406 0.000645446
 2.87408 0.000644301
 2.87412 0.000642493
 2.87416 0.000639943
 2.87417 0.000639536
 2.87422 0.000636577
 2.87424 0.000635576
 2.87428 0.000633613
 2.87432 0.000631201
 2.87433 0.000630647
 2.87438 0.000627677
 2.8744 0.000626818
 2.87444 0.000624703
 2.87448 0.000622426
 2.87449 0.000621726
 2.87454 0.000618746
 2.87455 0.000618025
 2.8746 0.000615762
 2.87463 0.000613616
 2.87465 0.000612775
 2.8747 0.000609785
 2.87471 0.000609199
 2.87476 0.000606791
 2.87479 0.000604772
 2.87481 0.000603794
 2.87486 0.000600793
 2.87487 0.000600338
 2.87492 0.000597788
 2.87495 0.000595895
 2.87497 0.000594781
 2.87502 0.00059177
 2.87503 0.000591443
 2.87508 0.000588755
 2.87511 0.000586982
 2.87513 0.000585737
 2.87518 0.000582716
 2.87519 0.000582513
 2.87524 0.000579691
 2.87527 0.000578036
 2.87529 0.000576663
 2.87534 0.000573631
 2.87534 0.000573549
 2.8754 0.000570596
 2.87542 0.000569054
 2.87545 0.000567557
 2.8755 0.000564551
 2.8755 0.000564515
 2.87556 0.00056147
 2.87558 0.000560039
 2.87561 0.000558421
 2.87566 0.000555518
 2.87566 0.000555368
 2.87572 0.000552312
 2.87574 0.000550988
 2.87577 0.000549253
 2.87582 0.00054645
 2.87583 0.00054619
 2.87588 0.000543124
 2.8759 0.000541903
 2.87593 0.000540054
 2.87598 0.000537347
 2.87599 0.000536981
 2.87604 0.000533904
 2.87606 0.000532782
 2.87609 0.000530824
 2.87614 0.000528209
 2.87615 0.00052774
 2.8762 0.000524653
 2.87622 0.000523627
 2.87626 0.000521562
 2.8763 0.000519036
 2.87631 0.000518468
 2.87636 0.00051537
 2.87638 0.000514436
 2.87642 0.000512269
 2.87646 0.000509828
 2.87647 0.000509165
 2.87653 0.000506057
 2.87654 0.00050521
 2.87658 0.000502945
 2.87662 0.000500584
 2.87663 0.00049983
 2.87669 0.000496711
 2.8767 0.000495949
 2.87674 0.000493589
 2.87678 0.000491305
 2.8768 0.000490464
 2.87685 0.000487334
 2.87686 0.000486652
 2.8769 0.000484202
 2.87694 0.000481991
 2.87696 0.000481066
 2.87701 0.000477926
 2.87702 0.00047732
 2.87707 0.000474783
 2.8771 0.000472641
 2.87712 0.000471636
 2.87717 0.000468486
 2.87718 0.000467952
 2.87723 0.000465332
 2.87726 0.000463255
 2.87728 0.000462175
 2.87734 0.000459014
 2.87734 0.000458548
 2.87739 0.00045585
 2.87743 0.000453833
 2.87744 0.000452682
 2.8775 0.000449511
 2.87751 0.000449109
 2.87755 0.000446336
 2.87759 0.000444376
 2.87761 0.000443158
 2.87766 0.000439976
 2.87767 0.000439633
 2.87772 0.00043679
 2.87775 0.000434882
 2.87777 0.000433601
 2.87782 0.000430409
 2.87783 0.000430122
 2.87788 0.000427213
 2.87791 0.000425352
 2.87793 0.000424013
 2.87799 0.00042081
 2.87799 0.000420574
 2.87804 0.000417603
 2.87807 0.000415786
 2.8781 0.000414393
 2.87815 0.000411179
 2.87815 0.00041099
 2.87821 0.000407961
 2.87824 0.000406184
 2.87826 0.00040474
 2.87832 0.000401516
 2.87832 0.000401369
 2.87837 0.000398288
 2.8784 0.000396545
 2.87842 0.000395056
 2.87848 0.000391821
 2.87848 0.000391712
 2.87853 0.000388582
 2.87856 0.00038687
 2.87859 0.000385339
 2.87864 0.000382093
 2.87864 0.000382018
 2.8787 0.000378844
 2.87873 0.000377157
 2.87875 0.000375591
 2.87881 0.000372334
 2.87881 0.000372288
 2.87886 0.000369074
 2.87889 0.000367409
 2.87892 0.00036581
 2.87897 0.000362542
 2.87897 0.00036252
 2.87903 0.000359271
 2.87905 0.000357623
 2.87908 0.000355997
 2.87914 0.000352718
 2.87914 0.000352716
 2.87919 0.000349436
 2.87922 0.0003478
 2.87924 0.000346151
 2.8793 0.000342875
 2.8793 0.000342862
 2.87935 0.000339569
 2.87938 0.00033794
 2.87941 0.000336273
 2.87946 0.000332996
 2.87946 0.000332973
 2.87952 0.00032967
 2.87955 0.000328043
 2.87957 0.000326363
 2.87963 0.000323081
 2.87963 0.000323052
 2.87968 0.000319738
 2.87971 0.000318109
 2.87974 0.00031642
 2.87979 0.000313128
 2.87979 0.000313098
 2.87985 0.000309773
 2.87988 0.000308137
 2.8799 0.000306444
 2.87996 0.000303137
 2.87996 0.000303112
 2.88001 0.000299775
 2.88004 0.000298128
 2.88007 0.000296436
 2.88012 0.000293109
 2.88012 0.000293092
 2.88018 0.000289745
 2.88021 0.000288081
 2.88023 0.000286395
 2.88029 0.000283043
 2.88029 0.000283041
 2.88035 0.000279683
 2.88037 0.000277996
 2.8804 0.000276321
 2.88046 0.000272956
 2.88046 0.000272939
 2.88051 0.000269587
 2.88054 0.000267873
 2.88057 0.000266215
 2.88062 0.000262839
 2.88062 0.000262798
 2.88068 0.000259459
 2.88071 0.000257713
 2.88073 0.000256075
 2.88079 0.000252688
 2.88079 0.000252618
 2.88084 0.000249297
 2.88087 0.000247514
 2.8809 0.000245903
 2.88095 0.000242505
 2.88096 0.0002424
 2.88101 0.000239103
 2.88104 0.000237277
 2.88106 0.000235698
 2.88112 0.000232289
 2.88112 0.000232144
 2.88118 0.000228876
 2.88121 0.000227002
 2.88123 0.000225459
 2.88129 0.000222039
 2.88129 0.00022185
 2.88134 0.000218616
 2.88137 0.000216688
 2.8814 0.000215188
 2.88145 0.000211757
 2.88146 0.000211517
 2.88151 0.000208322
 2.88154 0.000206336
 2.88156 0.000204883
 2.88162 0.000201441
 2.88162 0.000201146
 2.88168 0.000197995
 2.88171 0.000195946
 2.88173 0.000194546
 2.88179 0.000191092
 2.88179 0.000190736
 2.88184 0.000187635
 2.88188 0.000185516
 2.8819 0.000184175
 2.88195 0.00018071
 2.88196 0.000180287
 2.88201 0.000177242
 2.88204 0.000175048
 2.88206 0.00017377
 2.88212 0.000170295
 2.88213 0.000169799
 2.88218 0.000166815
 2.88221 0.00016454
 2.88223 0.000163333
 2.88229 0.000159846
 2.8823 0.000159272
 2.88234 0.000156355
 2.88238 0.000153994
 2.8824 0.000152861
 2.88246 0.000149363
 2.88247 0.000148706
 2.88251 0.000145862
 2.88255 0.000143409
 2.88257 0.000142357
 2.88262 0.000138848
 2.88264 0.000138101
 2.88268 0.000135335
 2.88272 0.000132784
 2.88274 0.000131818
 2.88279 0.000128298
 2.8828 0.000127456
 2.88285 0.000124774
 2.88289 0.000122119
 2.8829 0.000121247
 2.88296 0.000117715
 2.88297 0.000116772
 2.88302 0.00011418
 2.88306 0.000111416
 2.88307 0.000110641
 2.88313 0.000107098
 2.88314 0.000106049
 2.88318 0.000103552
 2.88323 0.000100672
 2.88324 0.000100002
 2.8833 9.64479e-05
 2.88331 9.52856e-05
 2.88335 9.28902e-05
 2.8834 8.9889e-05
 2.88341 8.93287e-05
 2.88346 8.57635e-05
 2.88348 8.44825e-05
 2.88352 8.21946e-05
 2.88357 7.9066e-05
 2.88358 7.86219e-05
 2.88363 7.50454e-05
 2.88365 7.36395e-05
 2.88369 7.14651e-05
 2.88374 6.8203e-05
 2.88375 6.78811e-05
 2.8838 6.42933e-05
 2.88383 6.27565e-05
 2.88386 6.07017e-05
 2.88391 5.72999e-05
 2.88391 5.71064e-05
 2.88397 5.35073e-05
 2.884 5.18333e-05
 2.88403 4.99043e-05
 2.88408 4.63566e-05
 2.88408 4.62977e-05
 2.88414 4.26872e-05
 2.88417 4.08698e-05
 2.8842 3.90729e-05
 2.88425 3.54549e-05
 2.88425 3.5373e-05
 2.88431 3.1833e-05
 2.88434 2.9866e-05
 2.88437 2.82074e-05
 2.88442 2.45779e-05
 2.88443 2.43489e-05
 2.88448 2.09447e-05
 2.88451 1.88217e-05
 2.88453 1.73077e-05
 2.88459 1.36668e-05
 2.8846 1.32843e-05
 2.88465 1.00222e-05
 2.88468 7.73678e-06
 2.8847 6.37376e-06
 2.88476 2.72151e-06
 2.88477 2.17906e-06
 2.8851 0
 3.8 0
