 0.5 0
 3.09667 0
 3.097 0.000252707
 3.097 0.000252707
 3.097 0.000252707
 3.097 0.000252707
 3.097 0.000252707
 3.097 0.000252707
 3.097 0.000252707
 3.097 0.000252707
 3.097 0.000252707
 3.097 0.000252707
 3.097 0.000252707
 3.097 0.000252707
 3.097 0.000252708
 3.097 0.000252708
 3.097 0.000252708
 3.097 0.000252708
 3.097 0.000252708
 3.097 0.000252708
 3.097 0.000252708
 3.097 0.000252708
 3.097 0.000252708
 3.097 0.000252708
 3.097 0.000252708
 3.097 0.000252708
 3.097 0.000252708
 3.097 0.000252708
 3.097 0.000252708
 3.097 0.000252708
 3.097 0.000252708
 3.097 0.000252708
 3.097 0.000252708
 3.097 0.000252708
 3.097 0.000252708
 3.097 0.000252708
 3.097 0.000252708
 3.097 0.000252709
 3.097 0.000252709
 3.097 0.000252709
 3.097 0.000252709
 3.097 0.000252709
 3.097 0.000252709
 3.097 0.000252709
 3.097 0.000252709
 3.097 0.000252709
 3.097 0.000252709
 3.097 0.000252709
 3.097 0.000252709
 3.097 0.000252709
 3.09701 0.000252709
 3.09701 0.00025271
 3.09701 0.00025271
 3.09701 0.00025271
 3.09701 0.00025271
 3.09701 0.00025271
 3.09701 0.00025271
 3.09701 0.00025271
 3.09701 0.00025271
 3.09701 0.00025271
 3.09701 0.00025271
 3.09701 0.00025271
 3.09701 0.000252711
 3.09701 0.000252711
 3.09701 0.000252711
 3.09701 0.000252711
 3.09701 0.000252711
 3.09701 0.000252711
 3.09701 0.000252711
 3.09701 0.000252711
 3.09701 0.000252711
 3.09701 0.000252712
 3.09702 0.000252712
 3.09702 0.000252712
 3.09702 0.000252712
 3.09702 0.000252712
 3.09702 0.000252712
 3.09702 0.000252712
 3.09702 0.000252712
 3.09702 0.000252713
 3.09702 0.000252713
 3.09702 0.000252713
 3.09702 0.000252713
 3.09702 0.000252713
 3.09702 0.000252713
 3.09702 0.000252713
 3.09702 0.000252714
 3.09702 0.000252714
 3.09703 0.000252714
 3.09703 0.000252714
 3.09703 0.000252714
 3.09703 0.000252714
 3.09703 0.000252714
 3.09703 0.000252714
 3.09703 0.000252715
 3.09703 0.000252715
 3.09703 0.000252715
 3.09703 0.000252715
 3.09703 0.000252715
 3.09703 0.000252715
 3.09703 0.000252716
 3.09703 0.000252716
 3.09704 0.000252716
 3.09704 0.000252716
 3.09704 0.000252716
 3.09704 0.000252716
 3.09704 0.000252717
 3.09704 0.000252717
 3.09704 0.000252717
 3.09704 0.000252717
 3.09704 0.000252717
 3.09704 0.000252717
 3.09704 0.000252718
 3.09704 0.000252718
 3.09705 0.000252718
 3.09705 0.000252718
 3.09705 0.000252718
 3.09705 0.000252718
 3.09705 0.000252719
 3.09705 0.000252719
 3.09705 0.000252719
 3.09705 0.000252719
 3.09705 0.000252719
 3.09705 0.00025272
 3.09705 0.00025272
 3.09705 0.00025272
 3.09706 0.00025272
 3.09706 0.00025272
 3.09706 0.000252721
 3.09706 0.000252721
 3.09706 0.000252721
 3.09706 0.000252721
 3.09706 0.000252721
 3.09706 0.000252721
 3.09706 0.000252722
 3.09706 0.000252722
 3.09707 0.000252722
 3.09707 0.000252722
 3.09707 0.000252723
 3.09707 0.000252723
 3.09707 0.000252723
 3.09707 0.000252723
 3.09707 0.000252723
 3.09707 0.000252723
 3.09707 0.000252724
 3.09708 0.000252724
 3.09708 0.000252724
 3.09708 0.000252724
 3.09708 0.000252725
 3.09708 0.000252725
 3.09708 0.000252725
 3.09708 0.000252725
 3.09708 0.000252726
 3.09708 0.000252726
 3.09709 0.000252726
 3.09709 0.000252726
 3.09709 0.000252726
 3.09709 0.000252726
 3.09709 0.000252727
 3.09709 0.000252727
 3.09709 0.000252727
 3.09709 0.000252727
 3.0971 0.000252728
 3.0971 0.000252728
 3.0971 0.000252728
 3.0971 0.000252728
 3.0971 0.000252183
 3.0971 0.000252729
 3.0971 0.000252729
 3.0971 0.000252729
 3.0971 0.000252729
 3.09711 0.00025273
 3.09711 0.00025273
 3.09711 0.00025273
 3.09711 0.00025273
 3.09711 0.00025273
 3.09711 0.000252731
 3.09711 0.000252731
 3.09711 0.000252731
 3.09712 0.000252731
 3.09712 0.000252731
 3.09712 0.000252732
 3.09712 0.000252732
 3.09712 0.000252732
 3.09712 0.000252732
 3.09712 0.000252733
 3.09713 0.000252733
 3.09713 0.000252733
 3.09713 0.000252733
 3.09713 0.000252734
 3.09713 0.000252734
 3.09713 0.000252734
 3.09713 0.000252734
 3.09714 0.000252735
 3.09714 0.000252735
 3.09714 0.000252735
 3.09714 0.000252735
 3.09714 0.000252736
 3.09714 0.000252736
 3.09715 0.000252736
 3.09715 0.000252736
 3.09715 0.000252737
 3.09715 0.000252737
 3.09715 0.000252737
 3.09715 0.000252737
 3.09715 0.000252738
 3.09716 0.000252738
 3.09716 0.000252738
 3.09716 0.000252738
 3.09716 0.000252738
 3.09716 0.000252739
 3.09716 0.000252739
 3.09716 0.000252739
 3.09717 0.000252739
 3.09717 0.00025274
 3.09717 0.00025274
 3.09717 0.00025274
 3.09717 0.00025274
 3.09717 0.000252741
 3.09718 0.000252741
 3.09718 0.000252741
 3.09718 0.000252741
 3.09718 0.000252742
 3.09718 0.000252742
 3.09718 0.000252742
 3.09719 0.000252742
 3.09719 0.000252743
 3.09719 0.000252743
 3.09719 0.000252743
 3.09719 0.000252743
 3.0972 0.000252744
 3.0972 0.000252744
 3.0972 0.000252744
 3.0972 0.000252744
 3.0972 0.000252744
 3.0972 0.000252745
 3.09721 0.000252745
 3.09721 0.000252745
 3.09721 0.000252745
 3.09721 0.000252746
 3.09721 0.000252746
 3.09721 0.000252746
 3.09722 0.000252746
 3.09722 0.000252747
 3.09722 0.000252747
 3.09722 0.000252747
 3.09722 0.000252747
 3.09723 0.000252747
 3.09723 0.000252748
 3.09723 0.000252748
 3.09723 0.000252748
 3.09723 0.000252748
 3.09724 0.000252749
 3.09724 0.000252749
 3.09724 0.000252749
 3.09724 0.000252749
 3.09724 0.00025275
 3.09724 0.00025275
 3.09725 0.00025275
 3.09725 0.00025275
 3.09725 0.000252751
 3.09725 0.000252751
 3.09726 0.000252751
 3.09726 0.000252751
 3.09726 0.000252751
 3.09726 0.000252751
 3.09726 0.000252752
 3.09726 0.000252752
 3.09727 0.000252752
 3.09727 0.000252752
 3.09727 0.000252753
 3.09727 0.000252753
 3.09728 0.000252753
 3.09728 0.000252753
 3.09728 0.000252753
 3.09728 0.000252754
 3.09728 0.000252754
 3.09728 0.000252754
 3.09729 0.000252754
 3.09729 0.000252754
 3.09729 0.000252755
 3.09729 0.000252755
 3.0973 0.000252755
 3.0973 0.000252755
 3.0973 0.000252755
 3.0973 0.000252756
 3.09731 0.000252756
 3.09731 0.000252756
 3.09731 0.000252756
 3.09731 0.000252756
 3.09731 0.000252757
 3.09732 0.000252757
 3.09732 0.000252757
 3.09732 0.000252757
 3.09732 0.000252757
 3.09732 0.000252757
 3.09733 0.000252758
 3.09733 0.000252758
 3.09733 0.000252758
 3.09733 0.000252758
 3.09734 0.000252758
 3.09734 0.000252758
 3.09734 0.000252759
 3.09734 0.000252759
 3.09734 0.000252759
 3.09735 0.000252759
 3.09735 0.000252759
 3.09735 0.000252759
 3.09735 0.00025276
 3.09736 0.00025276
 3.09736 0.00025276
 3.09736 0.00025276
 3.09736 0.00025276
 3.09737 0.00025276
 3.09737 0.00025276
 3.09737 0.000252761
 3.09737 0.000252761
 3.09738 0.000252761
 3.09738 0.000252761
 3.09738 0.000252761
 3.09738 0.000252761
 3.09739 0.000252761
 3.09739 0.000252761
 3.09739 0.000252762
 3.09739 0.000252762
 3.0974 0.000252762
 3.0974 0.000252762
 3.0974 0.000252762
 3.0974 0.000252762
 3.09741 0.000252762
 3.09741 0.000252762
 3.09741 0.000252762
 3.09741 0.000252763
 3.09742 0.000252763
 3.09742 0.000252763
 3.09742 0.000252763
 3.09742 0.000252763
 3.09743 0.000252763
 3.09743 0.000252763
 3.09743 0.000252763
 3.09743 0.000252763
 3.09744 0.000252763
 3.09744 0.000252763
 3.09744 0.000252763
 3.09744 0.000252763
 3.09745 0.000252764
 3.09745 0.000252764
 3.09745 0.000252764
 3.09745 0.000252764
 3.09746 0.000252764
 3.09746 0.000252764
 3.09746 0.000252764
 3.09746 0.000252764
 3.09747 0.000252764
 3.09747 0.000252764
 3.09747 0.000252764
 3.09747 0.000252764
 3.09748 0.000252764
 3.09748 0.000252764
 3.09748 0.000252764
 3.09749 0.000252764
 3.09749 0.000252764
 3.09749 0.000252764
 3.09749 0.000252764
 3.0975 0.000252764
 3.0975 0.000252764
 3.0975 0.000252764
 3.09751 0.000252764
 3.09751 0.000252764
 3.09751 0.000252764
 3.09751 0.000252764
 3.09752 0.000252764
 3.09752 0.000252764
 3.09752 0.000252764
 3.09753 0.000252764
 3.09753 0.000252764
 3.09753 0.000252764
 3.09753 0.000252764
 3.09754 0.000252764
 3.09754 0.000252764
 3.09754 0.000252764
 3.09754 0.000252764
 3.09755 0.000252764
 3.09755 0.000252764
 3.09755 0.000252763
 3.09756 0.000252763
 3.09756 0.000252763
 3.09756 0.000252763
 3.09757 0.000252763
 3.09757 0.000252763
 3.09757 0.000252763
 3.09757 0.000252763
 3.09758 0.000252763
 3.09758 0.000252763
 3.09758 0.000252763
 3.09759 0.000252763
 3.09759 0.000252762
 3.09759 0.000252762
 3.0976 0.000252762
 3.0976 0.000252762
 3.0976 0.000252762
 3.0976 0.000252762
 3.09761 0.000252761
 3.09761 0.000252761
 3.09762 0.000252761
 3.09762 0.000252761
 3.09762 0.000252761
 3.09762 0.000252761
 3.09763 0.00025276
 3.09763 0.00025276
 3.09763 0.00025276
 3.09763 0.00025276
 3.09764 0.00025276
 3.09764 0.00025276
 3.09765 0.000252759
 3.09765 0.000252759
 3.09765 0.000252759
 3.09765 0.000252759
 3.09766 0.000252758
 3.09766 0.000252758
 3.09766 0.000252758
 3.09767 0.000252758
 3.09767 0.000252758
 3.09767 0.000252757
 3.09768 0.000252757
 3.09768 0.000252757
 3.09768 0.000252757
 3.09769 0.000252756
 3.09769 0.000252756
 3.09769 0.000252756
 3.0977 0.000252755
 3.0977 0.000252755
 3.0977 0.000252755
 3.09771 0.000252754
 3.09771 0.000252754
 3.09771 0.000252754
 3.09772 0.000252754
 3.09772 0.000252753
 3.09772 0.000252753
 3.09773 0.000252752
 3.09773 0.000252752
 3.09773 0.000252752
 3.09773 0.000252752
 3.09774 0.000252751
 3.09774 0.000252751
 3.09775 0.00025275
 3.09775 0.00025275
 3.09775 0.000252749
 3.09775 0.000252749
 3.09776 0.000252749
 3.09776 0.000252749
 3.09777 0.000252748
 3.09777 0.000252748
 3.09777 0.000252747
 3.09778 0.000252747
 3.09778 0.000252746
 3.09778 0.000252746
 3.09779 0.000252745
 3.09779 0.000252745
 3.0978 0.000252744
 3.0978 0.000252744
 3.0978 0.000252743
 3.0978 0.000252743
 3.09781 0.000252742
 3.09781 0.000252742
 3.09782 0.000252742
 3.09782 0.000252741
 3.09782 0.000252741
 3.09783 0.00025274
 3.09783 0.000252739
 3.09783 0.000252739
 3.09784 0.000252738
 3.09784 0.000252738
 3.09784 0.000252737
 3.09785 0.000252737
 3.09785 0.000252736
 3.09785 0.000252736
 3.09786 0.000252735
 3.09786 0.000252734
 3.09787 0.000252734
 3.09787 0.000252733
 3.09787 0.000252733
 3.09788 0.000252732
 3.09788 0.000252732
 3.09788 0.000252731
 3.09789 0.00025273
 3.09789 0.000252729
 3.09789 0.000252729
 3.0979 0.000252728
 3.0979 0.000252728
 3.09791 0.000252727
 3.09791 0.000252726
 3.09792 0.000252725
 3.09792 0.000252725
 3.09792 0.000252724
 3.09792 0.000252724
 3.09793 0.000252722
 3.09793 0.000252722
 3.09794 0.000252721
 3.09794 0.000252721
 3.09795 0.000252719
 3.09795 0.000252719
 3.09795 0.000252718
 3.09795 0.000252718
 3.09796 0.000252716
 3.09796 0.000252716
 3.09797 0.000252715
 3.09797 0.000252714
 3.09798 0.000252713
 3.09798 0.000252713
 3.09798 0.000252711
 3.09799 0.000252711
 3.09799 0.00025271
 3.09799 0.000252709
 3.098 0.000252708
 3.098 0.000252707
 3.09801 0.000252706
 3.09801 0.000252705
 3.09801 0.000252705
 3.09802 0.000252704
 3.09802 0.000252703
 3.09803 0.000252702
 3.09803 0.000252701
 3.09803 0.0002527
 3.09804 0.000252699
 3.09804 0.000252698
 3.09804 0.000252697
 3.09805 0.000252696
 3.09805 0.000252695
 3.09806 0.000252694
 3.09806 0.000252693
 3.09807 0.000252692
 3.09807 0.000252691
 3.09808 0.000252689
 3.09808 0.000252689
 3.09808 0.000252687
 3.09808 0.000252687
 3.09809 0.000252685
 3.09809 0.000252685
 3.0981 0.000252683
 3.0981 0.000252683
 3.09811 0.000252681
 3.09811 0.00025268
 3.09812 0.000252678
 3.09812 0.000252678
 3.09812 0.000252676
 3.09813 0.000252676
 3.09813 0.000252674
 3.09813 0.000252673
 3.09814 0.000252672
 3.09814 0.000252671
 3.09815 0.000252669
 3.09815 0.000252668
 3.09816 0.000252667
 3.09816 0.000252666
 3.09816 0.000252664
 3.09817 0.000252663
 3.09817 0.000252662
 3.09818 0.000252661
 3.09818 0.000252659
 3.09819 0.000252658
 3.09819 0.000252657
 3.09819 0.000252655
 3.0982 0.000252654
 3.0982 0.000252652
 3.09821 0.000252652
 3.09821 0.00025265
 3.09821 0.000252649
 3.09822 0.000252647
 3.09822 0.000252646
 3.09823 0.000252644
 3.09823 0.000252643
 3.09824 0.000252641
 3.09824 0.000252641
 3.09825 0.000252638
 3.09825 0.000252638
 3.09826 0.000252635
 3.09826 0.000252635
 3.09827 0.000252632
 3.09827 0.000252632
 3.09827 0.000252629
 3.09828 0.000252629
 3.09828 0.000252626
 3.09828 0.000252625
 3.09829 0.000252623
 3.09829 0.000252622
 3.0983 0.00025262
 3.0983 0.000252619
 3.09831 0.000252617
 3.09831 0.000252615
 3.09832 0.000252613
 3.09832 0.000252612
 3.09833 0.00025261
 3.09833 0.000252609
 3.09833 0.000252607
 3.09834 0.000252605
 3.09834 0.000252603
 3.09835 0.000252602
 3.09835 0.0002526
 3.09836 0.000252598
 3.09836 0.000252597
 3.09837 0.000252594
 3.09837 0.000252593
 3.09838 0.000252591
 3.09838 0.00025259
 3.09839 0.000252587
 3.09839 0.000252586
 3.0984 0.000252583
 3.0984 0.000252583
 3.09841 0.000252579
 3.09841 0.000252579
 3.09841 0.000252575
 3.09842 0.000252575
 3.09842 0.000252571
 3.09842 0.000252571
 3.09843 0.000252568
 3.09843 0.000252567
 3.09844 0.000252564
 3.09844 0.000252563
 3.09845 0.00025256
 3.09845 0.000252559
 3.09846 0.000252556
 3.09846 0.000252555
 3.09847 0.000252552
 3.09847 0.000252551
 3.09848 0.000252548
 3.09848 0.000252546
 3.09849 0.000252544
 3.09849 0.000252542
 3.0985 0.00025254
 3.0985 0.000252537
 3.09851 0.000252535
 3.09851 0.000252533
 3.09852 0.000252531
 3.09852 0.000252528
 3.09853 0.000252527
 3.09853 0.000252524
 3.09854 0.000252522
 3.09854 0.000252519
 3.09854 0.000252518
 3.09855 0.000252514
 3.09855 0.000252514
 3.09856 0.00025251
 3.09856 0.000252509
 3.09857 0.000252505
 3.09857 0.000252504
 3.09858 0.0002525
 3.09858 0.0002525
 3.09859 0.000252495
 3.09859 0.000252495
 3.0986 0.00025249
 3.0986 0.00025249
 3.09861 0.000252486
 3.09861 0.000252485
 3.09862 0.000252481
 3.09862 0.00025248
 3.09863 0.000252476
 3.09863 0.000252474
 3.09864 0.000252471
 3.09864 0.000252469
 3.09865 0.000252466
 3.09865 0.000252464
 3.09866 0.000252461
 3.09866 0.000252458
 3.09867 0.000252456
 3.09868 0.000252453
 3.09868 0.000252451
 3.09869 0.000252447
 3.09869 0.000252445
 3.0987 0.000252442
 3.0987 0.00025244
 3.09871 0.000252436
 3.09871 0.000252435
 3.09872 0.00025243
 3.09872 0.000252429
 3.09873 0.000252424
 3.09873 0.000252424
 3.09874 0.000252419
 3.09874 0.000252418
 3.09875 0.000252413
 3.09875 0.000252413
 3.09876 0.000252407
 3.09876 0.000252407
 3.09877 0.000252401
 3.09877 0.0002524
 3.09878 0.000252395
 3.09878 0.000252394
 3.09879 0.00025239
 3.09879 0.000252388
 3.0988 0.000252384
 3.0988 0.000252382
 3.09881 0.000252378
 3.09881 0.000252375
 3.09882 0.000252372
 3.09882 0.000252369
 3.09883 0.000252365
 3.09884 0.000252362
 3.09884 0.000252359
 3.09885 0.000252356
 3.09885 0.000252353
 3.09886 0.000252349
 3.09886 0.000252347
 3.09887 0.000252342
 3.09887 0.00025234
 3.09888 0.000252335
 3.09888 0.000252334
 3.09889 0.000252328
 3.09889 0.000252328
 3.0989 0.000252322
 3.0989 0.000252321
 3.09891 0.000252314
 3.09891 0.000252314
 3.09892 0.000252308
 3.09892 0.000252307
 3.09893 0.000252301
 3.09894 0.0002523
 3.09894 0.000252294
 3.09895 0.000252293
 3.09896 0.000252287
 3.09896 0.000252285
 3.09897 0.00025228
 3.09897 0.000252278
 3.09898 0.000252273
 3.09898 0.00025227
 3.09899 0.000252266
 3.09899 0.000252263
 3.099 0.000252259
 3.099 0.000252255
 3.09901 0.000252252
 3.09901 0.000252247
 3.09902 0.000252244
 3.09903 0.000252239
 3.09903 0.000252237
 3.09904 0.000252231
 3.09904 0.00025223
 3.09905 0.000252223
 3.09905 0.000252222
 3.09906 0.000252215
 3.09906 0.000252214
 3.09907 0.000252207
 3.09907 0.000252207
 3.09908 0.000252199
 3.09908 0.000252199
 3.0991 0.000252191
 3.0991 0.000252191
 3.09911 0.000252183
 3.09911 0.000252182
 3.09912 0.000252175
 3.09912 0.000252174
 3.09913 0.000252167
 3.09913 0.000252165
 3.09914 0.000252159
 3.09914 0.000252156
 3.09915 0.000252151
 3.09916 0.000252147
 3.09916 0.000252143
 3.09917 0.000252138
 3.09917 0.000252135
 3.09918 0.00025213
 3.09918 0.000252126
 3.09919 0.00025212
 3.09919 0.000252118
 3.0992 0.000252111
 3.09921 0.000252109
 3.09921 0.000252102
 3.09922 0.0002521
 3.09923 0.000252093
 3.09923 0.000252092
 3.09924 0.000252083
 3.09924 0.000252083
 3.09925 0.000252074
 3.09925 0.000252074
 3.09926 0.000252065
 3.09926 0.000252064
 3.09927 0.000252056
 3.09928 0.000252054
 3.09928 0.000252047
 3.09929 0.000252045
 3.0993 0.000252038
 3.0993 0.000252035
 3.09931 0.000252029
 3.09931 0.000252025
 3.09932 0.000252019
 3.09932 0.000252015
 3.09933 0.00025201
 3.09934 0.000252004
 3.09934 0.000252
 3.09935 0.000251994
 3.09935 0.000251991
 3.09936 0.000251984
 3.09937 0.000251981
 3.09937 0.000251973
 3.09938 0.000251971
 3.09939 0.000251963
 3.09939 0.000251961
 3.0994 0.000251952
 3.0994 0.000251951
 3.09941 0.000251941
 3.09941 0.000251941
 3.09942 0.000251931
 3.09942 0.00025193
 3.09944 0.000251921
 3.09944 0.000251919
 3.09945 0.000251911
 3.09945 0.000251908
 3.09946 0.0002519
 3.09946 0.000251897
 3.09947 0.00025189
 3.09948 0.000251886
 3.09948 0.00025188
 3.09949 0.000251874
 3.09949 0.000251869
 3.0995 0.000251863
 3.09951 0.000251858
 3.09951 0.000251851
 3.09952 0.000251847
 3.09953 0.00025184
 3.09953 0.000251837
 3.09954 0.000251828
 3.09954 0.000251826
 3.09955 0.000251816
 3.09955 0.000251814
 3.09957 0.000251804
 3.09957 0.000251803
 3.09958 0.000251792
 3.09958 0.000251792
 3.09959 0.000251781
 3.09959 0.00025178
 3.0996 0.000251769
 3.09961 0.000251767
 3.09962 0.000251758
 3.09962 0.000251755
 3.09963 0.000251746
 3.09963 0.000251742
 3.09964 0.000251734
 3.09964 0.00025173
 3.09965 0.000251723
 3.09966 0.000251717
 3.09966 0.000251711
 3.09967 0.000251704
 3.09968 0.000251699
 3.09968 0.000251691
 3.09969 0.000251687
 3.0997 0.000251678
 3.0997 0.000251675
 3.09971 0.000251664
 3.09971 0.000251662
 3.09972 0.000251651
 3.09973 0.00025165
 3.09974 0.000251638
 3.09974 0.000251638
 3.09975 0.000251625
 3.09975 0.000251624
 3.09976 0.000251612
 3.09976 0.00025161
 3.09978 0.0002516
 3.09978 0.000251597
 3.09979 0.000251587
 3.09979 0.000251583
 3.0998 0.000251574
 3.09981 0.000251569
 3.09981 0.000251561
 3.09982 0.000251554
 3.09983 0.000251548
 3.09983 0.00025154
 3.09984 0.000251534
 3.09985 0.000251526
 3.09985 0.000251521
 3.09986 0.000251511
 3.09986 0.000251508
 3.09987 0.000251497
 3.09988 0.000251494
 3.09989 0.000251482
 3.09989 0.00025148
 3.0999 0.000251467
 3.0999 0.000251467
 3.09991 0.000251453
 3.09992 0.000251452
 3.09993 0.000251439
 3.09993 0.000251437
 3.09994 0.000251425
 3.09994 0.000251421
 3.09995 0.000251411
 3.09996 0.000251406
 3.09997 0.000251396
 3.09997 0.000251391
 3.09998 0.000251382
 3.09999 0.000251375
 3.09999 0.000251368
 3.1 0.000251359
 3.10001 0.000251353
 3.10001 0.000251343
 3.10002 0.000251338
 3.10003 0.000251327
 3.10003 0.000251323
 3.10004 0.000251311
 3.10004 0.000251309
 3.10006 0.000251295
 3.10006 0.000251294
 3.10007 0.000251278
 3.10007 0.000251278
 3.10008 0.000251263
 3.10009 0.000251262
 3.1001 0.000251248
 3.1001 0.000251245
 3.10011 0.000251232
 3.10011 0.000251228
 3.10012 0.000251217
 3.10013 0.000251211
 3.10014 0.000251201
 3.10014 0.000251194
 3.10015 0.000251185
 3.10016 0.000251177
 3.10016 0.00025117
 3.10017 0.00025116
 3.10018 0.000251154
 3.10019 0.000251142
 3.10019 0.000251138
 3.1002 0.000251125
 3.1002 0.000251121
 3.10022 0.000251107
 3.10022 0.000251105
 3.10023 0.000251089
 3.10023 0.000251089
 3.10024 0.000251072
 3.10024 0.000251071
 3.10026 0.000251055
 3.10026 0.000251053
 3.10027 0.000251039
 3.10027 0.000251034
 3.10028 0.000251022
 3.10029 0.000251016
 3.1003 0.000251005
 3.1003 0.000250997
 3.10031 0.000250987
 3.10032 0.000250979
 3.10033 0.00025097
 3.10033 0.00025096
 3.10034 0.000250953
 3.10035 0.000250941
 3.10035 0.000250935
 3.10036 0.000250922
 3.10037 0.000250918
 3.10038 0.000250902
 3.10038 0.0002509
 3.10039 0.000250883
 3.10039 0.000250882
 3.10041 0.000250864
 3.10041 0.000250863
 3.10042 0.000250846
 3.10042 0.000250844
 3.10044 0.000250828
 3.10044 0.000250824
 3.10045 0.00025081
 3.10045 0.000250804
 3.10046 0.000250791
 3.10047 0.000250783
 3.10048 0.000250773
 3.10048 0.000250763
 3.10049 0.000250754
 3.1005 0.000250743
 3.10051 0.000250735
 3.10051 0.000250722
 3.10052 0.000250716
 3.10053 0.000250701
 3.10053 0.000250697
 3.10055 0.00025068
 3.10055 0.000250678
 3.10056 0.000250659
 3.10056 0.000250659
 3.10058 0.000250639
 3.10058 0.000250638
 3.10059 0.00025062
 3.10059 0.000250616
 3.1006 0.0002506
 3.10061 0.000250595
 3.10062 0.00025058
 3.10062 0.000250573
 3.10063 0.00025056
 3.10064 0.000250551
 3.10065 0.00025054
 3.10065 0.000250529
 3.10066 0.00025052
 3.10067 0.000250507
 3.10068 0.0002505
 3.10069 0.000250485
 3.10069 0.000250479
 3.1007 0.000250462
 3.1007 0.000250459
 3.10072 0.000250439
 3.10072 0.000250438
 3.10073 0.000250417
 3.10073 0.000250417
 3.10075 0.000250396
 3.10075 0.000250394
 3.10076 0.000250375
 3.10076 0.00025037
 3.10078 0.000250354
 3.10078 0.000250347
 3.10079 0.000250332
 3.1008 0.000250324
 3.10081 0.000250311
 3.10081 0.0002503
 3.10082 0.000250289
 3.10083 0.000250276
 3.10083 0.000250267
 3.10084 0.000250252
 3.10085 0.000250245
 3.10086 0.000250228
 3.10086 0.000250223
 3.10088 0.000250204
 3.10088 0.000250201
 3.10089 0.000250179
 3.10089 0.000250179
 3.10091 0.000250156
 3.10091 0.000250154
 3.10092 0.000250134
 3.10093 0.00025013
 3.10094 0.000250111
 3.10094 0.000250105
 3.10095 0.000250088
 3.10096 0.000250079
 3.10097 0.000250065
 3.10097 0.000250054
 3.10098 0.000250042
 3.10099 0.000250029
 3.101 0.000250019
 3.10101 0.000250003
 3.10101 0.000249995
 3.10102 0.000249977
 3.10103 0.000249972
 3.10104 0.000249951
 3.10104 0.000249948
 3.10106 0.000249925
 3.10106 0.000249924
 3.10107 0.0002499
 3.10107 0.000249898
 3.10109 0.000249876
 3.10109 0.000249872
 3.1011 0.000249852
 3.10111 0.000249845
 3.10112 0.000249827
 3.10112 0.000249818
 3.10113 0.000249803
 3.10114 0.000249791
 3.10115 0.000249778
 3.10116 0.000249764
 3.10116 0.000249753
 3.10117 0.000249736
 3.10118 0.000249728
 3.10119 0.000249708
 3.10119 0.000249703
 3.10121 0.000249681
 3.10121 0.000249678
 3.10122 0.000249653
 3.10122 0.000249652
 3.10124 0.000249627
 3.10124 0.000249624
 3.10125 0.000249601
 3.10126 0.000249596
 3.10127 0.000249575
 3.10127 0.000249567
 3.10128 0.000249549
 3.10129 0.000249538
 3.1013 0.000249523
 3.10131 0.000249509
 3.10132 0.000249496
 3.10133 0.00024948
 3.10133 0.00024947
 3.10134 0.000249451
 3.10135 0.000249443
 3.10136 0.000249421
 3.10136 0.000249416
 3.10138 0.000249392
 3.10138 0.000249389
 3.10139 0.000249362
 3.10139 0.000249362
 3.10141 0.000249335
 3.10141 0.000249332
 3.10142 0.000249308
 3.10143 0.000249301
 3.10144 0.00024928
 3.10145 0.000249271
 3.10146 0.000249252
 3.10146 0.00024924
 3.10147 0.000249224
 3.10148 0.000249209
 3.10149 0.000249196
 3.1015 0.000249178
 3.1015 0.000249168
 3.10152 0.000249147
 3.10152 0.00024914
 3.10153 0.000249115
 3.10153 0.000249111
 3.10155 0.000249083
 3.10155 0.000249083
 3.10157 0.000249054
 3.10157 0.000249052
 3.10158 0.000249025
 3.10159 0.000249019
 3.1016 0.000248996
 3.1016 0.000248987
 3.10161 0.000248966
 3.10162 0.000248955
 3.10163 0.000248937
 3.10164 0.000248922
 3.10165 0.000248907
 3.10166 0.000248889
 3.10166 0.000248877
 3.10167 0.000248856
 3.10168 0.000248847
 3.10169 0.000248822
 3.10169 0.000248817
 3.10171 0.000248789
 3.10171 0.000248787
 3.10173 0.000248757
 3.10173 0.000248755
 3.10174 0.000248726
 3.10175 0.000248721
 3.10176 0.000248695
 3.10176 0.000248687
 3.10178 0.000248664
 3.10178 0.000248653
 3.10179 0.000248633
 3.1018 0.000248618
 3.10181 0.000248602
 3.10182 0.000248583
 3.10182 0.00024857
 3.10184 0.000248548
 3.10184 0.000248539
 3.10185 0.000248513
 3.10186 0.000248507
 3.10187 0.000248477
 3.10187 0.000248475
 3.10189 0.000248443
 3.10189 0.000248442
 3.10191 0.00024841
 3.10191 0.000248406
 3.10192 0.000248378
 3.10193 0.00024837
 3.10194 0.000248345
 3.10194 0.000248333
 3.10196 0.000248312
 3.10196 0.000248297
 3.10197 0.000248279
 3.10198 0.00024826
 3.10199 0.000248246
 3.102 0.000248223
 3.102 0.000248213
 3.10202 0.000248186
 3.10202 0.000248179
 3.10204 0.000248148
 3.10204 0.000248146
 3.10205 0.000248112
 3.10206 0.000248111
 3.10207 0.000248078
 3.10207 0.000248073
 3.10209 0.000248044
 3.10209 0.000248035
 3.1021 0.000248009
 3.10211 0.000247996
 3.10212 0.000247975
 3.10213 0.000247958
 3.10214 0.00024794
 3.10215 0.000247919
 3.10216 0.000247905
 3.10217 0.00024788
 3.10217 0.00024787
 3.10219 0.000247841
 3.10219 0.000247834
 3.1022 0.000247801
 3.10221 0.000247799
 3.10222 0.000247763
 3.10222 0.000247761
 3.10224 0.000247727
 3.10224 0.000247721
 3.10226 0.000247691
 3.10226 0.000247681
 3.10227 0.000247655
 3.10228 0.000247641
 3.10229 0.000247619
 3.1023 0.0002476
 3.10231 0.000247582
 3.10232 0.000247559
 3.10232 0.000247545
 3.10234 0.000247518
 3.10234 0.000247508
 3.10236 0.000247477
 3.10236 0.000247471
 3.10238 0.000247435
 3.10238 0.000247434
 3.10239 0.000247396
 3.10239 0.000247393
 3.10241 0.000247359
 3.10241 0.000247351
 3.10243 0.000247321
 3.10243 0.000247309
 3.10244 0.000247283
 3.10245 0.000247266
 3.10246 0.000247245
 3.10247 0.000247223
 3.10248 0.000247206
 3.10249 0.00024718
 3.1025 0.000247167
 3.10251 0.000247137
 3.10251 0.000247129
 3.10253 0.000247093
 3.10253 0.00024709
 3.10255 0.00024705
 3.10255 0.000247049
 3.10257 0.000247011
 3.10257 0.000247005
 3.10258 0.000246971
 3.10259 0.000246961
 3.1026 0.000246932
 3.10261 0.000246916
 3.10262 0.000246892
 3.10263 0.000246871
 3.10264 0.000246851
 3.10265 0.000246826
 3.10265 0.000246811
 3.10267 0.000246781
 3.10267 0.00024677
 3.10269 0.000246735
 3.10269 0.00024673
 3.10271 0.00024669
 3.10271 0.000246689
 3.10272 0.000246647
 3.10273 0.000246643
 3.10274 0.000246606
 3.10275 0.000246597
 3.10276 0.000246565
 3.10277 0.00024655
 3.10278 0.000246523
 3.10279 0.000246504
 3.1028 0.000246481
 3.10281 0.000246456
 3.10281 0.000246439
 3.10283 0.000246409
 3.10283 0.000246396
 3.10285 0.000246361
 3.10285 0.000246354
 3.10287 0.000246313
 3.10287 0.000246311
 3.10288 0.000246268
 3.10289 0.000246265
 3.1029 0.000246225
 3.10291 0.000246217
 3.10292 0.000246181
 3.10293 0.000246168
 3.10294 0.000246138
 3.10295 0.000246119
 3.10296 0.000246094
 3.10297 0.00024607
 3.10297 0.00024605
 3.10299 0.00024602
 3.10299 0.000246006
 3.10301 0.00024597
 3.10301 0.000245961
 3.10303 0.00024592
 3.10303 0.000245917
 3.10305 0.000245872
 3.10305 0.00024587
 3.10306 0.000245827
 3.10307 0.000245819
 3.10308 0.000245781
 3.10309 0.000245768
 3.1031 0.000245736
 3.10311 0.000245717
 3.10312 0.00024569
 3.10313 0.000245665
 3.10314 0.000245644
 3.10315 0.000245614
 3.10316 0.000245598
 3.10317 0.000245562
 3.10317 0.000245552
 3.10319 0.000245509
 3.10319 0.000245505
 3.10321 0.000245459
 3.10321 0.000245457
 3.10323 0.000245412
 3.10323 0.000245404
 3.10325 0.000245365
 3.10325 0.000245351
 3.10327 0.000245317
 3.10327 0.000245297
 3.10328 0.000245269
 3.10329 0.000245244
 3.1033 0.000245222
 3.10332 0.00024519
 3.10332 0.000245174
 3.10334 0.000245135
 3.10334 0.000245125
 3.10336 0.000245081
 3.10336 0.000245077
 3.10338 0.000245028
 3.10338 0.000245026
 3.1034 0.000244979
 3.1034 0.000244971
 3.10341 0.00024493
 3.10342 0.000244915
 3.10343 0.000244881
 3.10344 0.000244859
 3.10345 0.000244831
 3.10346 0.000244803
 3.10347 0.000244781
 3.10348 0.000244747
 3.10349 0.000244731
 3.1035 0.00024469
 3.10351 0.000244681
 3.10353 0.000244633
 3.10353 0.000244631
 3.10355 0.00024458
 3.10355 0.000244576
 3.10356 0.000244529
 3.10357 0.000244519
 3.10358 0.000244478
 3.10359 0.000244461
 3.1036 0.000244426
 3.10361 0.000244403
 3.10362 0.000244375
 3.10363 0.000244344
 3.10364 0.000244323
 3.10365 0.000244285
 3.10366 0.000244271
 3.10368 0.000244226
 3.10368 0.000244219
 3.1037 0.000244167
 3.1037 0.000244166
 3.10372 0.000244113
 3.10372 0.000244107
 3.10374 0.00024406
 3.10374 0.000244047
 3.10375 0.000244007
 3.10376 0.000243987
 3.10377 0.000243954
 3.10378 0.000243927
 3.10379 0.0002439
 3.1038 0.000243866
 3.10381 0.000243846
 3.10383 0.000243805
 3.10383 0.000243792
 3.10385 0.000243743
 3.10385 0.000243738
 3.10387 0.000243683
 3.10387 0.000243681
 3.10389 0.000243628
 3.10389 0.000243619
 3.10391 0.000243573
 3.10391 0.000243557
 3.10393 0.000243518
 3.10394 0.000243494
 3.10395 0.000243462
 3.10396 0.000243431
 3.10397 0.000243406
 3.10398 0.000243367
 3.10399 0.00024335
 3.104 0.000243304
 3.104 0.000243294
 3.10402 0.00024324
 3.10402 0.000243237
 3.10404 0.000243181
 3.10405 0.000243175
 3.10406 0.000243124
 3.10407 0.00024311
 3.10408 0.000243066
 3.10409 0.000243045
 3.1041 0.000243009
 3.10411 0.00024298
 3.10412 0.000242951
 3.10413 0.000242914
 3.10414 0.000242893
 3.10416 0.000242848
 3.10416 0.000242835
 3.10418 0.000242782
 3.10418 0.000242776
 3.1042 0.000242718
 3.1042 0.000242715
 3.10422 0.000242659
 3.10422 0.000242648
 3.10424 0.0002426
 3.10425 0.000242581
 3.10426 0.00024254
 3.10427 0.000242513
 3.10428 0.00024248
 3.10429 0.000242445
 3.1043 0.00024242
 3.10431 0.000242377
 3.10432 0.00024236
 3.10434 0.000242308
 3.10434 0.0002423
 3.10436 0.000242239
 3.10436 0.000242239
 3.10438 0.000242178
 3.10438 0.00024217
 3.1044 0.000242117
 3.1044 0.0002421
 3.10442 0.000242055
 3.10443 0.00024203
 3.10444 0.000241994
 3.10445 0.00024196
 3.10446 0.000241932
 3.10447 0.000241889
 3.10448 0.000241869
 3.1045 0.000241818
 3.1045 0.000241807
 3.10452 0.000241747
 3.10452 0.000241744
 3.10454 0.000241681
 3.10454 0.000241675
 3.10456 0.000241618
 3.10456 0.000241603
 3.10458 0.000241554
 3.10459 0.000241531
 3.1046 0.000241491
 3.10461 0.000241458
 3.10462 0.000241427
 3.10463 0.000241385
 3.10464 0.000241362
 3.10466 0.000241311
 3.10466 0.000241298
 3.10468 0.000241237
 3.10468 0.000241233
 3.1047 0.000241168
 3.1047 0.000241163
 3.10472 0.000241103
 3.10473 0.000241089
 3.10474 0.000241037
 3.10475 0.000241014
 3.10476 0.000240971
 3.10477 0.000240938
 3.10478 0.000240905
 3.1048 0.000240863
 3.1048 0.000240839
 3.10482 0.000240787
 3.10482 0.000240772
 3.10484 0.00024071
 3.10484 0.000240705
 3.10486 0.000240638
 3.10487 0.000240634
 3.10488 0.00024057
 3.10489 0.000240557
 3.10491 0.000240503
 3.10491 0.000240479
 3.10493 0.000240435
 3.10494 0.000240401
 3.10495 0.000240366
 3.10496 0.000240323
 3.10497 0.000240298
 3.10498 0.000240245
 3.10499 0.000240229
 3.10501 0.000240166
 3.10501 0.00024016
 3.10503 0.000240091
 3.10503 0.000240086
 3.10505 0.000240021
 3.10505 0.000240007
 3.10507 0.000239951
 3.10508 0.000239927
 3.10509 0.000239881
 3.1051 0.000239846
 3.10511 0.00023981
 3.10513 0.000239765
 3.10513 0.00023974
 3.10515 0.000239684
 3.10515 0.000239669
 3.10517 0.000239603
 3.10517 0.000239597
 3.1052 0.000239526
 3.1052 0.000239521
 3.10522 0.000239454
 3.10522 0.000239438
 3.10524 0.000239382
 3.10524 0.000239356
 3.10526 0.00023931
 3.10527 0.000239273
 3.10528 0.000239237
 3.10529 0.000239189
 3.1053 0.000239164
 3.10532 0.000239105
 3.10532 0.000239091
 3.10534 0.000239021
 3.10534 0.000239017
 3.10536 0.000238943
 3.10537 0.000238936
 3.10538 0.000238869
 3.10539 0.000238851
 3.10541 0.000238795
 3.10541 0.000238766
 3.10543 0.00023872
 3.10544 0.00023868
 3.10545 0.000238645
 3.10546 0.000238594
 3.10547 0.00023857
 3.10549 0.000238507
 3.10549 0.000238495
 3.10551 0.00023842
 3.10551 0.000238419
 3.10553 0.000238343
 3.10554 0.000238333
 3.10555 0.000238266
 3.10556 0.000238245
 3.10558 0.00023819
 3.10559 0.000238157
 3.1056 0.000238113
 3.10561 0.000238069
 3.10562 0.000238036
 3.10563 0.00023798
 3.10564 0.000237958
 3.10566 0.00023789
 3.10566 0.00023788
 3.10568 0.000237802
 3.10568 0.0002378
 3.1057 0.000237724
 3.10571 0.00023771
 3.10573 0.000237645
 3.10573 0.00023762
 3.10575 0.000237566
 3.10576 0.000237529
 3.10577 0.000237487
 3.10578 0.000237437
 3.10579 0.000237407
 3.10581 0.000237345
 3.10581 0.000237327
 3.10583 0.000237253
 3.10583 0.000237247
 3.10586 0.000237167
 3.10586 0.00023716
 3.10588 0.000237086
 3.10588 0.000237067
 3.1059 0.000237005
 3.10591 0.000236974
 3.10592 0.000236923
 3.10593 0.00023688
 3.10594 0.000236842
 3.10596 0.000236786
 3.10596 0.00023676
 3.10598 0.000236691
 3.10599 0.000236677
 3.10601 0.000236596
 3.10601 0.000236595
 3.10603 0.000236512
 3.10603 0.0002365
 3.10605 0.000236429
 3.10606 0.000236404
 3.10607 0.000236345
 3.10608 0.000236308
 3.1061 0.000236261
 3.10611 0.000236211
 3.10612 0.000236177
 3.10613 0.000236114
 3.10614 0.000236093
 3.10616 0.000236016
 3.10616 0.000236008
 3.10618 0.000235923
 3.10619 0.000235918
 3.10621 0.000235838
 3.10621 0.000235819
 3.10623 0.000235752
 3.10624 0.00023572
 3.10625 0.000235666
 3.10626 0.000235621
 3.10627 0.00023558
 3.10629 0.000235521
 3.10629 0.000235493
 3.10631 0.000235421
 3.10632 0.000235406
 3.10634 0.00023532
 3.10634 0.000235319
 3.10636 0.000235232
 3.10636 0.000235219
 3.10638 0.000235144
 3.10639 0.000235117
 3.10641 0.000235056
 3.10642 0.000235015
 3.10643 0.000234967
 3.10644 0.000234913
 3.10645 0.000234879
 3.10647 0.00023481
 3.10647 0.000234789
 3.10649 0.000234706
 3.1065 0.0002347
 3.10652 0.00023461
 3.10652 0.000234602
 3.10654 0.00023452
 3.10655 0.000234498
 3.10656 0.00023443
 3.10657 0.000234393
 3.10658 0.000234339
 3.1066 0.000234288
 3.10661 0.000234248
 3.10662 0.000234183
 3.10663 0.000234157
 3.10665 0.000234076
 3.10665 0.000234065
 3.10668 0.000233973
 3.10668 0.00023397
 3.1067 0.000233881
 3.1067 0.000233863
 3.10672 0.000233788
 3.10673 0.000233755
 3.10674 0.000233695
 3.10675 0.000233648
 3.10677 0.000233602
 3.10678 0.000233539
 3.10679 0.000233508
 3.10681 0.00023343
 3.10681 0.000233414
 3.10683 0.000233321
 3.10683 0.00023332
 3.10686 0.000233226
 3.10686 0.000233211
 3.10688 0.000233131
 3.10689 0.000233101
 3.1069 0.000233035
 3.10691 0.00023299
 3.10693 0.00023294
 3.10694 0.000232879
 3.10695 0.000232844
 3.10697 0.000232767
 3.10697 0.000232748
 3.10699 0.000232655
 3.10699 0.000232651
 3.10702 0.000232554
 3.10702 0.000232543
 3.10704 0.000232457
 3.10705 0.00023243
 3.10706 0.000232359
 3.10707 0.000232316
 3.10709 0.000232262
 3.1071 0.000232202
 3.10711 0.000232163
 3.10713 0.000232088
 3.10713 0.000232065
 3.10715 0.000231973
 3.10715 0.000231966
 3.10718 0.000231866
 3.10718 0.000231857
 3.1072 0.000231767
 3.10721 0.000231741
 3.10722 0.000231667
 3.10723 0.000231625
 3.10725 0.000231567
 3.10726 0.000231508
 3.10727 0.000231466
 3.10729 0.000231391
 3.10729 0.000231365
 3.10732 0.000231273
 3.10732 0.000231264
 3.10734 0.000231162
 3.10734 0.000231155
 3.10736 0.00023106
 3.10737 0.000231036
 3.10739 0.000230958
 3.1074 0.000230916
 3.10741 0.000230855
 3.10742 0.000230797
 3.10743 0.000230752
 3.10745 0.000230676
 3.10746 0.000230649
 3.10748 0.000230555
 3.10748 0.000230545
 3.1075 0.000230441
 3.10751 0.000230434
 3.10753 0.000230336
 3.10753 0.000230312
 3.10755 0.000230232
 3.10756 0.00023019
 3.10757 0.000230127
 3.10759 0.000230067
 3.1076 0.000230021
 3.10762 0.000229944
 3.10762 0.000229915
 3.10764 0.00022982
 3.10765 0.000229809
 3.10767 0.000229703
 3.10767 0.000229696
 3.10769 0.000229596
 3.1077 0.000229571
 3.10772 0.000229489
 3.10773 0.000229445
 3.10774 0.000229381
 3.10775 0.00022932
 3.10776 0.000229273
 3.10778 0.000229193
 3.10779 0.000229165
 3.10781 0.000229066
 3.10781 0.000229056
 3.10784 0.000228947
 3.10784 0.000228939
 3.10786 0.000228838
 3.10786 0.000228811
 3.10788 0.000228728
 3.10789 0.000228683
 3.10791 0.000228618
 3.10792 0.000228554
 3.10793 0.000228507
 3.10795 0.000228424
 3.10795 0.000228397
 3.10798 0.000228294
 3.10798 0.000228285
 3.108 0.000228174
 3.108 0.000228164
 3.10803 0.000228062
 3.10803 0.000228033
 3.10805 0.00022795
 3.10806 0.000227901
 3.10807 0.000227837
 3.10809 0.000227769
 3.1081 0.000227724
 3.10812 0.000227637
 3.10812 0.000227611
 3.10815 0.000227503
 3.10815 0.000227497
 3.10817 0.000227383
 3.10817 0.00022737
 3.1082 0.000227268
 3.1082 0.000227236
 3.10822 0.000227153
 3.10823 0.000227101
 3.10824 0.000227038
 3.10826 0.000226966
 3.10827 0.000226923
 3.10829 0.00022683
 3.10829 0.000226807
 3.10832 0.000226693
 3.10832 0.00022669
 3.10834 0.000226574
 3.10834 0.000226557
 3.10836 0.000226457
 3.10837 0.000226419
 3.10839 0.000226339
 3.1084 0.000226281
 3.10841 0.000226221
 3.10843 0.000226143
 3.10844 0.000226103
 3.10846 0.000226004
 3.10846 0.000225985
 3.10849 0.000225866
 3.10849 0.000225864
 3.10851 0.000225746
 3.10852 0.000225724
 3.10854 0.000225627
 3.10854 0.000225583
 3.10856 0.000225506
 3.10857 0.000225442
 3.10859 0.000225386
 3.1086 0.0002253
 3.10861 0.000225265
 3.10863 0.000225158
 3.10863 0.000225144
 3.10866 0.000225022
 3.10866 0.000225015
 3.10868 0.0002249
 3.10869 0.000224871
 3.10871 0.000224778
 3.10872 0.000224727
 3.10873 0.000224655
 3.10875 0.000224583
 3.10876 0.000224532
 3.10878 0.000224437
 3.10878 0.000224408
 3.10881 0.000224292
 3.10881 0.000224285
 3.10883 0.00022416
 3.10883 0.000224145
 3.10886 0.000224036
 3.10886 0.000223998
 3.10888 0.00022391
 3.10889 0.000223851
 3.10891 0.000223785
 3.10892 0.000223703
 3.10893 0.000223659
 3.10895 0.000223554
 3.10896 0.000223533
 3.10898 0.000223406
 3.10898 0.000223405
 3.10901 0.000223279
 3.10901 0.000223256
 3.10903 0.000223152
 3.10904 0.000223105
 3.10906 0.000223024
 3.10907 0.000222954
 3.10908 0.000222896
 3.1091 0.000222803
 3.10911 0.000222767
 3.10913 0.000222651
 3.10913 0.000222638
 3.10916 0.000222509
 3.10916 0.000222498
 3.10918 0.000222379
 3.10919 0.000222345
 3.10921 0.000222249
 3.10922 0.000222191
 3.10923 0.000222118
 3.10925 0.000222037
 3.10926 0.000221987
 3.10928 0.000221882
 3.10928 0.000221856
 3.10931 0.000221726
 3.10931 0.000221724
 3.10933 0.000221592
 3.10934 0.00022157
 3.10936 0.000221459
 3.10937 0.000221414
 3.10938 0.000221326
 3.1094 0.000221256
 3.10941 0.000221193
 3.10943 0.000221098
 3.10943 0.000221059
 3.10946 0.00022094
 3.10946 0.000220924
 3.10948 0.00022079
 3.10949 0.000220781
 3.10951 0.000220655
 3.10952 0.000220621
 3.10954 0.000220519
 3.10955 0.000220461
 3.10956 0.000220383
 3.10958 0.0002203
 3.10959 0.000220247
 3.10961 0.000220138
 3.10961 0.000220111
 3.10964 0.000219976
 3.10964 0.000219973
 3.10966 0.000219836
 3.10967 0.000219813
 3.10969 0.000219698
 3.1097 0.00021965
 3.10971 0.00021956
 3.10973 0.000219486
 3.10974 0.000219421
 3.10976 0.000219321
 3.10977 0.000219282
 3.10979 0.000219156
 3.10979 0.000219142
 3.10982 0.000219002
 3.10982 0.00021899
 3.10984 0.000218862
 3.10985 0.000218824
 3.10987 0.000218721
 3.10988 0.000218657
 3.10989 0.00021858
 3.10991 0.000218489
 3.10992 0.000218438
 3.10994 0.000218321
 3.10995 0.000218296
 3.10997 0.000218154
 3.10997 0.000218152
 3.11 0.000218011
 3.11 0.000217982
 3.11002 0.000217867
 3.11003 0.000217812
 3.11005 0.000217723
 3.11006 0.000217641
 3.11008 0.000217579
 3.1101 0.00021747
 3.1101 0.000217435
 3.11013 0.000217298
 3.11013 0.00021729
 3.11015 0.000217144
 3.11016 0.000217125
 3.11018 0.000216998
 3.11019 0.000216952
 3.11021 0.000216852
 3.11022 0.000216778
 3.11023 0.000216705
 3.11025 0.000216603
 3.11026 0.000216558
 3.11028 0.000216428
 3.11028 0.00021641
 3.11031 0.000216262
 3.11031 0.000216252
 3.11034 0.000216114
 3.11034 0.000216075
 3.11036 0.000215965
 3.11037 0.000215898
 3.11039 0.000215816
 3.11041 0.00021572
 3.11041 0.000215666
 3.11044 0.000215542
 3.11044 0.000215516
 3.11047 0.000215365
 3.11047 0.000215363
 3.11049 0.000215214
 3.1105 0.000215183
 3.11052 0.000215063
 3.11053 0.000215002
 3.11055 0.000214911
 3.11056 0.000214821
 3.11057 0.000214758
 3.11059 0.000214639
 3.1106 0.000214605
 3.11062 0.000214457
 3.11063 0.000214452
 3.11065 0.000214299
 3.11066 0.000214274
 3.11068 0.000214144
 3.11069 0.00021409
 3.11071 0.00021399
 3.11072 0.000213906
 3.11073 0.000213835
 3.11075 0.000213721
 3.11076 0.000213679
 3.11078 0.000213535
 3.11078 0.000213523
 3.11081 0.000213367
 3.11081 0.000213348
 3.11084 0.00021321
 3.11085 0.000213161
 3.11086 0.000213053
 3.11088 0.000212974
 3.11089 0.000212895
 3.11091 0.000212785
 3.11092 0.000212737
 3.11094 0.000212596
 3.11094 0.000212579
 3.11097 0.00021242
 3.11097 0.000212406
 3.111 0.00021226
 3.11101 0.000212216
 3.11103 0.0002121
 3.11104 0.000212025
 3.11105 0.00021194
 3.11107 0.000211833
 3.11108 0.000211779
 3.1111 0.00021164
 3.11111 0.000211618
 3.11113 0.000211456
 3.11113 0.000211447
 3.11116 0.000211294
 3.11117 0.000211253
 3.11119 0.000211131
 3.1112 0.000211059
 3.11121 0.000210968
 3.11123 0.000210863
 3.11124 0.000210805
 3.11126 0.000210667
 3.11127 0.000210641
 3.11129 0.000210476
 3.1113 0.000210471
 3.11132 0.000210311
 3.11133 0.000210273
 3.11135 0.000210146
 3.11136 0.000210075
 3.11138 0.00020998
 3.11139 0.000209877
 3.1114 0.000209814
 3.11142 0.000209677
 3.11143 0.000209647
 3.11146 0.00020948
 3.11146 0.000209477
 3.11148 0.000209312
 3.11149 0.000209276
 3.11151 0.000209144
 3.11152 0.000209075
 3.11154 0.000208975
 3.11156 0.000208872
 3.11157 0.000208806
 3.11159 0.000208669
 3.11159 0.000208636
 3.11162 0.000208466
 3.11162 0.000208466
 3.11165 0.000208296
 3.11165 0.000208261
 3.11168 0.000208125
 3.11169 0.000208056
 3.1117 0.000207953
 3.11172 0.00020785
 3.11173 0.000207782
 3.11175 0.000207644
 3.11176 0.000207609
 3.11178 0.000207437
 3.11178 0.000207436
 3.11181 0.000207263
 3.11182 0.000207229
 3.11184 0.000207089
 3.11185 0.00020702
 3.11187 0.000206915
 3.11188 0.00020681
 3.11189 0.00020674
 3.11192 0.0002066
 3.11192 0.000206565
 3.11195 0.000206389
 3.11195 0.000206389
 3.11198 0.000206213
 3.11198 0.000206178
 3.11201 0.000206036
 3.11202 0.000205965
 3.11203 0.000205859
 3.11205 0.000205752
 3.11206 0.000205682
 3.11208 0.000205538
 3.11209 0.000205504
 3.11212 0.000205325
 3.11212 0.000205324
 3.11214 0.000205146
 3.11215 0.000205108
 3.11217 0.000204967
 3.11218 0.000204892
 3.1122 0.000204787
 3.11222 0.000204676
 3.11223 0.000204606
 3.11225 0.000204458
 3.11226 0.000204425
 3.11228 0.000204244
 3.11228 0.00020424
 3.11231 0.000204062
 3.11232 0.000204021
 3.11234 0.000203879
 3.11235 0.000203801
 3.11237 0.000203696
 3.11238 0.00020358
 3.11239 0.000203513
 3.11242 0.000203359
 3.11242 0.000203329
 3.11245 0.000203145
 3.11245 0.000203137
 3.11248 0.00020296
 3.11249 0.000202914
 3.11251 0.000202774
 3.11252 0.000202691
 3.11253 0.000202588
 3.11255 0.000202466
 3.11256 0.000202402
 3.11259 0.000202241
 3.11259 0.000202215
 3.11262 0.000202028
 3.11262 0.000202015
 3.11265 0.00020184
 3.11265 0.000201789
 3.11268 0.000201652
 3.11269 0.000201561
 3.1127 0.000201463
 3.11272 0.000201333
 3.11273 0.000201273
 3.11276 0.000201104
 3.11276 0.000201084
 3.11279 0.000200893
 3.11279 0.000200875
 3.11282 0.000200702
 3.11283 0.000200644
 3.11284 0.000200511
 3.11286 0.000200413
 3.11287 0.000200319
 3.11289 0.000200181
 3.1129 0.000200127
 3.11293 0.000199948
 3.11293 0.000199934
 3.11296 0.000199741
 3.11296 0.000199714
 3.11299 0.000199547
 3.113 0.00019948
 3.11302 0.000199352
 3.11303 0.000199245
 3.11304 0.000199158
 3.11307 0.000199009
 3.11307 0.000198962
 3.1131 0.000198772
 3.1131 0.000198766
 3.11313 0.00019857
 3.11313 0.000198535
 3.11316 0.000198373
 3.11317 0.000198296
 3.11319 0.000198176
 3.1132 0.000198057
 3.11322 0.000197978
 3.11324 0.000197817
 3.11324 0.000197779
 3.11327 0.00019758
 3.11327 0.000197576
 3.1133 0.000197381
 3.11331 0.000197335
 3.11333 0.000197181
 3.11334 0.000197093
 3.11336 0.00019698
 3.11338 0.00019685
 3.11339 0.000196779
 3.11341 0.000196606
 3.11342 0.000196578
 3.11345 0.000196376
 3.11345 0.000196361
 3.11347 0.000196173
 3.11348 0.000196115
 3.1135 0.00019597
 3.11352 0.000195869
 3.11353 0.000195767
 3.11355 0.000195622
 3.11356 0.000195562
 3.11359 0.000195374
 3.11359 0.000195358
 3.11362 0.000195153
 3.11362 0.000195125
 3.11365 0.000194947
 3.11366 0.000194875
 3.11368 0.000194741
 3.11369 0.000194625
 3.11371 0.000194534
 3.11373 0.000194373
 3.11373 0.000194327
 3.11376 0.000194121
 3.11376 0.000194119
 3.11379 0.000193911
 3.1138 0.000193868
 3.11382 0.000193702
 3.11383 0.000193615
 3.11385 0.000193493
 3.11387 0.00019336
 3.11388 0.000193283
 3.1139 0.000193105
 3.11391 0.000193072
 3.11394 0.000192861
 3.11394 0.000192848
 3.11397 0.00019265
 3.11398 0.000192591
 3.114 0.000192438
 3.11401 0.000192333
 3.11403 0.000192225
 3.11405 0.000192074
 3.11406 0.000192012
 3.11408 0.000191815
 3.11408 0.000191799
 3.11411 0.000191584
 3.11412 0.000191554
 3.11414 0.00019137
 3.11415 0.000191293
 3.11417 0.000191154
 3.11419 0.000191031
 3.1142 0.000190939
 3.11423 0.000190768
 3.11423 0.000190722
 3.11426 0.000190506
 3.11426 0.000190504
 3.11429 0.000190288
 3.1143 0.000190239
 3.11432 0.00019007
 3.11433 0.000189974
 3.11435 0.000189852
 3.11437 0.000189707
 3.11438 0.000189633
 3.1144 0.00018944
 3.11441 0.000189413
 3.11444 0.000189193
 3.11444 0.000189172
 3.11447 0.000188972
 3.11448 0.000188903
 3.1145 0.000188751
 3.11451 0.000188633
 3.11453 0.00018853
 3.11455 0.000188362
 3.11456 0.000188307
 3.11459 0.00018809
 3.11459 0.000188084
 3.11462 0.000187861
 3.11462 0.000187818
 3.11465 0.000187637
 3.11466 0.000187545
 3.11468 0.000187413
 3.11469 0.00018727
 3.11471 0.000187188
 3.11473 0.000186995
 3.11474 0.000186962
 3.11477 0.000186736
 3.11477 0.000186719
 3.11479 0.000186509
 3.1148 0.000186442
 3.11482 0.000186282
 3.11484 0.000186164
 3.11485 0.000186054
 3.11488 0.000185886
 3.11488 0.000185826
 3.11491 0.000185606
 3.11491 0.000185597
 3.11494 0.000185367
 3.11495 0.000185326
 3.11497 0.000185137
 3.11499 0.000185045
 3.115 0.000184907
 3.11502 0.000184762
 3.11503 0.000184676
 3.11506 0.000184479
 3.11506 0.000184444
 3.11509 0.000184212
 3.1151 0.000184195
 3.11512 0.000183979
 3.11513 0.00018391
 3.11515 0.000183746
 3.11517 0.000183624
 3.11519 0.000183512
 3.11521 0.000183338
 3.11522 0.000183277
 3.11524 0.00018305
 3.11525 0.000183042
 3.11528 0.000182806
 3.11528 0.000182762
 3.11531 0.00018257
 3.11532 0.000182472
 3.11534 0.000182333
 3.11536 0.000182182
 3.11537 0.000182096
 3.11539 0.00018189
 3.1154 0.000181858
 3.11543 0.00018162
 3.11543 0.000181598
 3.11546 0.000181381
 3.11547 0.000181305
 3.11549 0.000181141
 3.1155 0.000181011
 3.11552 0.000180901
 3.11554 0.000180716
 3.11555 0.00018066
 3.11558 0.00018042
 3.11558 0.000180419
 3.11561 0.000180177
 3.11562 0.000180124
 3.11564 0.000179934
 3.11565 0.000179826
 3.11567 0.000179691
 3.11569 0.000179527
 3.1157 0.000179447
 3.11573 0.000179228
 3.11573 0.000179203
 3.11576 0.000178958
 3.11577 0.000178927
 3.11579 0.000178713
 3.1158 0.000178626
 3.11582 0.000178467
 3.11584 0.000178323
 3.11585 0.00017822
 3.11588 0.00017802
 3.11588 0.000177973
 3.11592 0.000177725
 3.11592 0.000177716
 3.11595 0.000177477
 3.11595 0.000177411
 3.11598 0.000177228
 3.11599 0.000177104
 3.11601 0.000176979
 3.11603 0.000176797
 3.11604 0.000176729
 3.11607 0.000176489
 3.11607 0.000176478
 3.1161 0.000176227
 3.11611 0.00017618
 3.11613 0.000175975
 3.11614 0.00017587
 3.11616 0.000175723
 3.11618 0.000175559
 3.11619 0.00017547
 3.11622 0.000175247
 3.11622 0.000175216
 3.11625 0.000174962
 3.11626 0.000174935
 3.11629 0.000174707
 3.1163 0.000174621
 3.11632 0.000174452
 3.11633 0.000174306
 3.11635 0.000174196
 3.11637 0.00017399
 3.11638 0.000173939
 3.11641 0.000173682
 3.11641 0.000173674
 3.11644 0.000173424
 3.11645 0.000173356
 3.11647 0.000173166
 3.11649 0.000173037
 3.1165 0.000172907
 3.11653 0.000172718
 3.11653 0.000172647
 3.11656 0.000172397
 3.11656 0.000172387
 3.1166 0.000172126
 3.1166 0.000172076
 3.11663 0.000171865
 3.11664 0.000171753
 3.11666 0.000171603
 3.11668 0.000171429
 3.11669 0.000171341
 3.11672 0.000171105
 3.11672 0.000171077
 3.11675 0.000170814
 3.11676 0.000170779
 3.11678 0.000170549
 3.11679 0.000170453
 3.11681 0.000170284
 3.11683 0.000170125
 3.11685 0.000170019
 3.11687 0.000169797
 3.11688 0.000169752
 3.11691 0.000169486
 3.11691 0.000169468
 3.11694 0.000169218
 3.11695 0.000169137
 3.11697 0.00016895
 3.11699 0.000168806
 3.117 0.000168682
 3.11703 0.000168473
 3.11703 0.000168412
 3.11707 0.000168142
 3.11707 0.00016814
 3.1171 0.000167872
 3.11711 0.000167805
 3.11713 0.000167601
 3.11714 0.00016747
 3.11716 0.000167329
 3.11718 0.000167133
 3.11719 0.000167057
 3.11722 0.000166796
 3.11722 0.000166784
 3.11726 0.00016651
 3.11726 0.000166457
 3.11729 0.000166236
 3.1173 0.000166118
 3.11732 0.000165961
 3.11734 0.000165777
 3.11735 0.000165686
 3.11738 0.000165435
 3.11738 0.00016541
 3.11741 0.000165133
 3.11742 0.000165093
 3.11745 0.000164856
 3.11746 0.000164749
 3.11748 0.000164578
 3.1175 0.000164404
 3.11751 0.000164299
 3.11754 0.000164059
 3.11754 0.00016402
 3.11757 0.000163741
 3.11758 0.000163712
 3.11761 0.00016346
 3.11762 0.000163364
 3.11764 0.000163179
 3.11766 0.000163015
 3.11767 0.000162897
 3.1177 0.000162666
 3.1177 0.000162615
 3.11773 0.000162332
 3.11774 0.000162315
 3.11777 0.000162049
 3.11777 0.000161963
 3.1178 0.000161764
 3.11781 0.00016161
 3.11783 0.00016148
 3.11785 0.000161256
 3.11786 0.000161194
 3.11789 0.000160908
 3.11789 0.000160901
 3.11793 0.000160621
 3.11793 0.000160545
 3.11796 0.000160334
 3.11797 0.000160187
 3.11799 0.000160046
 3.11801 0.000159829
 3.11802 0.000159757
 3.11805 0.00015947
 3.11805 0.000159468
 3.11809 0.000159178
 3.11809 0.00015911
 3.11812 0.000158888
 3.11813 0.000158748
 3.11815 0.000158597
 3.11817 0.000158386
 3.11818 0.000158305
 3.11821 0.000158022
 3.11822 0.000158012
 3.11825 0.000157719
 3.11825 0.000157658
 3.11828 0.000157425
 3.11829 0.000157292
 3.11831 0.000157131
 3.11834 0.000156925
 3.11834 0.000156836
 3.11838 0.000156557
 3.11838 0.00015654
 3.11841 0.000156244
 3.11842 0.000156188
 3.11844 0.000155947
 3.11846 0.000155818
 3.11847 0.000155649
 3.1185 0.000155447
 3.11851 0.000155351
 3.11854 0.000155075
 3.11854 0.000155052
 3.11857 0.000154752
 3.11858 0.000154702
 3.1186 0.000154452
 3.11862 0.000154328
 3.11864 0.000154151
 3.11866 0.000153952
 3.11867 0.00015385
 3.1187 0.000153576
 3.1187 0.000153548
 3.11874 0.000153245
 3.11874 0.000153198
 3.11877 0.000152941
 3.11878 0.000152819
 3.1188 0.000152637
 3.11882 0.000152439
 3.11883 0.000152332
 3.11886 0.000152058
 3.11887 0.000152027
 3.1189 0.000151721
 3.1189 0.000151676
 3.11893 0.000151414
 3.11894 0.000151293
 3.11896 0.000151106
 3.11899 0.000150909
 3.119 0.000150798
 3.11903 0.000150524
 3.11903 0.000150489
 3.11906 0.00015018
 3.11907 0.000150137
 3.1191 0.00014987
 3.11911 0.00014975
 3.11913 0.000149559
 3.11915 0.000149361
 3.11916 0.000149248
 3.11919 0.000148971
 3.11919 0.000148936
 3.11923 0.000148623
 3.11923 0.00014858
 3.11926 0.000148309
 3.11927 0.000148188
 3.11929 0.000147995
 3.11932 0.000147795
 3.11933 0.00014768
 3.11936 0.000147401
 3.11936 0.000147365
 3.11939 0.000147049
 3.1194 0.000147005
 3.11943 0.000146732
 3.11944 0.000146609
 3.11946 0.000146415
 3.11948 0.000146211
 3.11949 0.000146096
 3.11952 0.000145812
 3.11953 0.000145778
 3.11956 0.000145458
 3.11956 0.000145412
 3.11959 0.000145138
 3.11961 0.000145011
 3.11963 0.000144817
 3.11965 0.000144608
 3.11966 0.000144495
 3.11969 0.000144205
 3.11969 0.000144173
 3.11973 0.00014385
 3.11973 0.0001438
 3.11976 0.000143527
 3.11977 0.000143395
 3.11979 0.000143203
 3.11981 0.000142988
 3.11983 0.000142878
 3.11986 0.00014258
 3.11986 0.000142552
 3.11989 0.000142226
 3.1199 0.00014217
 3.11993 0.000141899
 3.11994 0.00014176
 3.11996 0.000141571
 3.11998 0.000141349
 3.11999 0.000141243
 3.12002 0.000140936
 3.12003 0.000140914
 3.12006 0.000140584
 3.12007 0.000140522
 3.12009 0.000140253
 3.12011 0.000140107
 3.12013 0.000139922
 3.12015 0.000139691
 3.12016 0.000139591
 3.12019 0.000139273
 3.12019 0.000139258
 3.12023 0.000138925
 3.12023 0.000138855
 3.12026 0.000138591
 3.12028 0.000138435
 3.12029 0.000138256
 3.12032 0.000138014
 3.12033 0.000137921
 3.12036 0.000137592
 3.12036 0.000137585
 3.1204 0.000137249
 3.1204 0.000137168
 3.12043 0.000136911
 3.12045 0.000136744
 3.12046 0.000136573
 3.12049 0.000136318
 3.1205 0.000136234
 3.12053 0.000135895
 3.12053 0.000135891
 3.12057 0.000135555
 3.12057 0.000135463
 3.1206 0.000135214
 3.12062 0.000135034
 3.12063 0.000134872
 3.12066 0.000134603
 3.12067 0.00013453
 3.1207 0.000134187
 3.1207 0.000134172
 3.12073 0.000133843
 3.12075 0.000133739
 3.12077 0.000133499
 3.12079 0.000133305
 3.1208 0.000133154
 3.12083 0.000132869
 3.12084 0.000132808
 3.12087 0.000132462
 3.12087 0.000132433
 3.1209 0.000132114
 3.12092 0.000131995
 3.12094 0.000131767
 3.12096 0.000131556
 3.12097 0.000131418
 3.121 0.000131116
 3.12101 0.000131069
 3.12104 0.000130719
 3.12105 0.000130674
 3.12108 0.000130368
 3.12109 0.000130232
 3.12111 0.000130016
 3.12113 0.000129788
 3.12114 0.000129664
 3.12118 0.000129343
 3.12118 0.000129311
 3.12121 0.000128958
 3.12122 0.000128896
 3.12125 0.000128603
 3.12126 0.000128449
 3.12128 0.000128248
 3.12131 0.000128
 3.12132 0.000127892
 3.12135 0.00012755
 3.12135 0.000127536
 3.12138 0.000127179
 3.12139 0.000127099
 3.12142 0.000126821
 3.12144 0.000126646
 3.12145 0.000126462
 3.12148 0.000126192
 3.12149 0.000126103
 3.12152 0.000125743
 3.12152 0.000125737
 3.12156 0.000125382
 3.12157 0.000125281
 3.12159 0.00012502
 3.12161 0.000124823
 3.12163 0.000124658
 3.12165 0.000124365
 3.12166 0.000124295
 3.12169 0.000123931
 3.1217 0.000123904
 3.12173 0.000123567
 3.12174 0.000123443
 3.12176 0.000123201
 3.12178 0.000122981
 3.1218 0.000122836
 3.12183 0.000122517
 3.12183 0.000122469
 3.12187 0.000122102
 3.12187 0.000122052
 3.1219 0.000121733
 3.12192 0.000121585
 3.12194 0.000121365
 3.12196 0.000121117
 3.12197 0.000120995
 3.122 0.000120648
 3.12201 0.000120625
 3.12204 0.000120254
 3.12205 0.000120178
 3.12208 0.000119882
 3.12209 0.000119707
 3.12211 0.000119509
 3.12214 0.000119234
 3.12215 0.000119136
 3.12218 0.000118762
 3.12218 0.00011876
 3.12222 0.000118387
 3.12223 0.000118284
 3.12225 0.000118012
 3.12227 0.000117808
 3.12229 0.000117635
 3.12231 0.00011733
 3.12232 0.000117258
 3.12236 0.000116881
 3.12236 0.000116851
 3.12239 0.000116502
 3.1224 0.00011637
 3.12243 0.000116123
 3.12245 0.000115888
 3.12246 0.000115743
 3.12249 0.000115405
 3.1225 0.000115362
 3.12253 0.000114981
 3.12254 0.00011492
 3.12257 0.000114599
 3.12258 0.000114435
 3.1226 0.000114216
 3.12263 0.000113948
 3.12264 0.000113832
 3.12267 0.000113459
 3.12267 0.000113448
 3.12271 0.000113062
 3.12271 0.000112969
 3.12274 0.000112676
 3.12276 0.000112478
 3.12278 0.00011229
 3.1228 0.000111986
 3.12281 0.000111902
 3.12285 0.000111514
 3.12285 0.000111492
 3.12288 0.000111125
 3.12289 0.000110997
 3.12292 0.000110735
 3.12294 0.000110501
 3.12295 0.000110345
 3.12298 0.000110003
 3.12299 0.000109954
 3.12302 0.000109562
 3.12303 0.000109504
 3.12306 0.000109169
 3.12307 0.000109004
 3.12309 0.000108775
 3.12312 0.000108502
 3.12313 0.000108381
 3.12316 0.000107999
 3.12317 0.000107986
 3.1232 0.00010759
 3.12321 0.000107495
 3.12324 0.000107194
 3.12325 0.000106989
 3.12327 0.000106796
 3.1233 0.000106482
 3.12331 0.000106398
 3.12334 0.000105999
 3.12335 0.000105974
 3.12338 0.0001056
 3.12339 0.000105464
 3.12341 0.000105199
 3.12344 0.000104953
 3.12345 0.000104798
 3.12348 0.00010444
 3.12349 0.000104396
 3.12352 0.000103993
 3.12353 0.000103926
 3.12356 0.00010359
 3.12357 0.000103411
 3.12359 0.000103185
 3.12362 0.000102895
 3.12363 0.00010278
 3.12366 0.000102377
 3.12366 0.000102375
 3.1237 0.000101968
 3.12371 0.000101857
 3.12374 0.000101561
 3.12376 0.000101337
 3.12377 0.000101152
 3.1238 0.000100815
 3.12381 0.000100743
 3.12384 0.000100334
 3.12385 0.000100291
 3.12388 9.99233e-05
 3.12389 9.97663e-05
 3.12392 9.9512e-05
 3.12394 9.92401e-05
 3.12395 9.90999e-05
 3.12398 9.87124e-05
 3.12399 9.86871e-05
 3.12402 9.82735e-05
 3.12403 9.81834e-05
 3.12406 9.78591e-05
 3.12408 9.7653e-05
 3.1241 9.74439e-05
 3.12412 9.71212e-05
 3.12413 9.70279e-05
 3.12417 9.66112e-05
 3.12417 9.6588e-05
 3.1242 9.61936e-05
 3.12422 9.60534e-05
 3.12424 9.57753e-05
 3.12426 9.55175e-05
 3.12428 9.53562e-05
 3.12431 9.498e-05
 3.12431 9.49363e-05
 3.12435 9.45156e-05
 3.12435 9.44412e-05
 3.12438 9.40941e-05
 3.1244 9.3901e-05
 3.12442 9.36718e-05
 3.12445 9.33594e-05
 3.12446 9.32487e-05
 3.12449 9.28248e-05
 3.12449 9.28163e-05
 3.12453 9.24002e-05
 3.12454 9.22719e-05
 3.12457 9.19747e-05
 3.12459 9.1726e-05
 3.1246 9.15484e-05
 3.12463 9.11786e-05
 3.12464 9.11214e-05
 3.12467 9.06935e-05
 3.12468 9.06299e-05
 3.12471 9.02649e-05
 3.12473 9.00797e-05
 3.12475 8.98354e-05
 3.12477 8.95281e-05
 3.12478 8.94052e-05
 3.12482 8.89751e-05
 3.12482 8.89741e-05
 3.12486 8.85423e-05
 3.12487 8.84206e-05
 3.12489 8.81096e-05
 3.12491 8.78647e-05
 3.12493 8.76761e-05
 3.12496 8.73073e-05
 3.12497 8.72419e-05
 3.125 8.68068e-05
 3.12501 8.67485e-05
 3.12504 8.63709e-05
 3.12505 8.61883e-05
 3.12508 8.59342e-05
 3.1251 8.56265e-05
 3.12511 8.54967e-05
 3.12515 8.50634e-05
 3.12515 8.50584e-05
 3.12519 8.46193e-05
 3.1252 8.44988e-05
 3.12522 8.41794e-05
 3.12524 8.39327e-05
 3.12526 8.37387e-05
 3.12529 8.33652e-05
 3.1253 8.32971e-05
 3.12533 8.28548e-05
 3.12534 8.27962e-05
 3.12537 8.24116e-05
 3.12538 8.22257e-05
 3.12541 8.19676e-05
 3.12543 8.16538e-05
 3.12544 8.15228e-05
 3.12548 8.10804e-05
 3.12548 8.10772e-05
 3.12552 8.06307e-05
 3.12553 8.05055e-05
 3.12555 8.01835e-05
 3.12557 7.99291e-05
 3.12559 7.97354e-05
 3.12562 7.93513e-05
 3.12563 7.92865e-05
 3.12566 7.88368e-05
 3.12567 7.8772e-05
 3.1257 7.83862e-05
 3.12572 7.81911e-05
 3.12574 7.79349e-05
 3.12576 7.76088e-05
 3.12577 7.74827e-05
 3.12581 7.70297e-05
 3.12581 7.70251e-05
 3.12585 7.65758e-05
 3.12586 7.64398e-05
 3.12589 7.61212e-05
 3.12591 7.5853e-05
 3.12592 7.56657e-05
 3.12596 7.52647e-05
 3.12596 7.52094e-05
 3.126 7.47522e-05
 3.126 7.46749e-05
 3.12603 7.42943e-05
 3.12605 7.40837e-05
 3.12607 7.38355e-05
 3.1261 7.34909e-05
 3.12611 7.33758e-05
 3.12615 7.29154e-05
 3.12615 7.28966e-05
 3.12618 7.24541e-05
 3.12619 7.23008e-05
 3.12622 7.1992e-05
 3.12624 7.17034e-05
 3.12626 7.1529e-05
 3.12629 7.11046e-05
 3.12629 7.10652e-05
 3.12633 7.06006e-05
 3.12634 7.05042e-05
 3.12637 7.01351e-05
 3.12639 6.99023e-05
 3.12641 6.96688e-05
 3.12644 6.92989e-05
 3.12644 6.92016e-05
 3.12648 6.87337e-05
 3.12648 6.8694e-05
 3.12652 6.82648e-05
 3.12653 6.80875e-05
 3.12656 6.77952e-05
 3.12658 6.74795e-05
 3.12659 6.73247e-05
 3.12663 6.687e-05
 3.12663 6.68533e-05
 3.12667 6.63811e-05
 3.12668 6.62589e-05
 3.12671 6.59081e-05
 3.12673 6.56462e-05
 3.12674 6.54342e-05
 3.12677 6.50321e-05
 3.12678 6.49595e-05
 3.12682 6.44839e-05
 3.12682 6.44163e-05
 3.12686 6.40075e-05
 3.12687 6.37991e-05
 3.12689 6.35302e-05
 3.12692 6.31802e-05
 3.12693 6.30521e-05
 3.12697 6.25731e-05
 3.12697 6.25598e-05
 3.12701 6.20933e-05
 3.12702 6.19379e-05
 3.12704 6.16126e-05
 3.12707 6.13144e-05
 3.12708 6.11311e-05
 3.12712 6.06893e-05
 3.12712 6.06487e-05
 3.12716 6.01655e-05
 3.12717 6.00627e-05
 3.12719 5.96814e-05
 3.12721 5.94345e-05
 3.12723 5.91964e-05
 3.12726 5.88047e-05
 3.12727 5.87106e-05
 3.12731 5.8224e-05
 3.12731 5.81733e-05
 3.12735 5.77364e-05
 3.12736 5.75404e-05
 3.12738 5.72481e-05
 3.12741 5.69059e-05
 3.12742 5.67588e-05
 3.12746 5.62698e-05
 3.12746 5.62687e-05
 3.1275 5.57778e-05
 3.12751 5.56321e-05
 3.12754 5.52859e-05
 3.12756 5.49928e-05
 3.12757 5.47933e-05
 3.12761 5.43519e-05
 3.12761 5.42997e-05
 3.12765 5.38053e-05
 3.12766 5.37095e-05
 3.12769 5.331e-05
 3.12771 5.30654e-05
 3.12773 5.28139e-05
 3.12776 5.24197e-05
 3.12776 5.23168e-05
 3.1278 5.18189e-05
 3.12781 5.17725e-05
 3.12784 5.13202e-05
 3.12785 5.11236e-05
 3.12788 5.08206e-05
 3.1279 5.04731e-05
 3.12792 5.03201e-05
 3.12795 4.9821e-05
 3.12795 4.98187e-05
 3.12799 4.93164e-05
 3.128 4.91673e-05
 3.12803 4.88133e-05
 3.12805 4.85119e-05
 3.12807 4.83093e-05
 3.1281 4.7855e-05
 3.12811 4.78045e-05
 3.12815 4.72987e-05
 3.12815 4.71964e-05
 3.12818 4.67921e-05
 3.1282 4.65362e-05
 3.12822 4.62846e-05
 3.12825 4.58743e-05
 3.12826 4.57762e-05
 3.1283 4.5267e-05
 3.1283 4.52109e-05
 3.12834 4.47568e-05
 3.12835 4.45458e-05
 3.12838 4.42458e-05
 3.1284 4.3879e-05
 3.12841 4.37339e-05
 3.12845 4.32211e-05
 3.12845 4.32106e-05
 3.12849 4.27075e-05
 3.1285 4.25406e-05
 3.12853 4.21929e-05
 3.12855 4.18689e-05
 3.12857 4.16775e-05
 3.1286 4.11956e-05
 3.12861 4.11612e-05
 3.12865 4.06439e-05
 3.12865 4.05206e-05
 3.12868 4.01258e-05
 3.1287 3.9844e-05
 3.12872 3.96068e-05
 3.12876 3.91657e-05
 3.12876 3.9087e-05
 3.1288 3.85662e-05
 3.12881 3.84858e-05
 3.12884 3.80445e-05
 3.12886 3.78041e-05
 3.12888 3.7522e-05
 3.12891 3.71209e-05
 3.12892 3.69985e-05
 3.12895 3.64742e-05
 3.12896 3.64359e-05
 3.12899 3.5949e-05
 3.12901 3.57493e-05
 3.12903 3.54228e-05
 3.12906 3.5061e-05
 3.12907 3.48958e-05
 3.12911 3.4371e-05
 3.12911 3.43679e-05
 3.12915 3.38391e-05
 3.12916 3.36793e-05
 3.12919 3.33093e-05
 3.12921 3.2986e-05
 3.12923 3.27787e-05
 3.12926 3.2291e-05
 3.12926 3.22472e-05
 3.1293 3.17148e-05
 3.12931 3.15942e-05
 3.12934 3.11814e-05
 3.12936 3.08958e-05
 3.12938 3.06472e-05
 3.12941 3.01957e-05
 3.12942 3.01121e-05
 3.12946 2.9576e-05
 3.12947 2.94939e-05
 3.1295 2.90391e-05
 3.12952 2.87904e-05
 3.12954 2.85012e-05
 3.12957 2.80852e-05
 3.12958 2.79625e-05
 3.12962 2.74228e-05
 3.12962 2.73782e-05
 3.12965 2.68822e-05
 3.12967 2.66696e-05
 3.12969 2.63408e-05
 3.12972 2.59593e-05
 3.12973 2.57984e-05
 3.12977 2.52551e-05
 3.12977 2.52472e-05
 3.12981 2.47108e-05
 3.12982 2.45334e-05
 3.12985 2.41657e-05
 3.12988 2.38179e-05
 3.12989 2.36197e-05
 3.12993 2.31007e-05
 3.12993 2.30727e-05
 3.12997 2.25248e-05
 3.12998 2.23817e-05
 3.13001 2.1976e-05
 3.13003 2.1661e-05
 3.13005 2.14263e-05
 3.13008 2.09386e-05
 3.13009 2.08757e-05
 3.13012 2.03241e-05
 3.13013 2.02144e-05
 3.13016 1.97716e-05
 3.13018 1.94885e-05
 3.1302 1.92182e-05
 3.13024 1.87609e-05
 3.13024 1.86639e-05
 3.13028 1.81087e-05
 3.13029 1.80315e-05
 3.13032 1.75525e-05
 3.13034 1.73003e-05
 3.13036 1.69954e-05
 3.13039 1.65674e-05
 3.1304 1.64374e-05
 3.13044 1.58785e-05
 3.13044 1.58328e-05
 3.13048 1.53186e-05
 3.1305 1.50964e-05
 3.13052 1.47578e-05
 3.13055 1.43582e-05
 3.13056 1.41961e-05
 3.1306 1.36335e-05
 3.1306 1.36183e-05
 3.13064 1.30699e-05
 3.13065 1.28766e-05
 3.13068 1.25054e-05
 3.1307 1.21331e-05
 3.13072 1.19399e-05
 3.13076 1.13879e-05
 3.13076 1.13736e-05
 3.1308 1.08063e-05
 3.13081 1.06408e-05
 3.13084 1.0238e-05
 3.13086 9.89204e-06
 3.13088 9.66883e-06
 3.13091 9.14146e-06
 3.13092 9.09871e-06
 3.13096 8.52766e-06
 3.13096 8.3891e-06
 3.131 7.95567e-06
 3.13102 7.63494e-06
 3.13103 7.38274e-06
 3.13107 6.879e-06
 3.13107 6.80887e-06
 3.13111 6.23406e-06
 3.13112 6.12126e-06
 3.13115 5.65831e-06
 3.13117 5.36172e-06
 3.13119 5.08162e-06
 3.13123 4.60039e-06
 3.13123 4.50398e-06
 3.13127 3.9254e-06
 3.13128 3.83725e-06
 3.13131 3.34588e-06
 3.13133 3.0723e-06
 3.13135 2.76541e-06
 3.13139 2.30555e-06
 3.13139 2.18399e-06
 3.13143 1.60163e-06
 3.13144 1.53698e-06
 3.13147 1.01832e-06
 3.13149 7.66599e-07
 3.13151 4.3406e-07
 3.13184 0
 3.8 0
