 0.5 0
 2.98006 0
 2.98039 0.000482422
 2.98039 0.000482422
 2.98039 0.000482422
 2.98039 0.000482422
 2.98039 0.000482422
 2.98039 0.000482422
 2.98039 0.000482422
 2.98039 0.000482422
 2.98039 0.000482422
 2.98039 0.000482422
 2.98039 0.000482422
 2.98039 0.000482422
 2.98039 0.000482422
 2.98039 0.000482422
 2.98039 0.000482421
 2.98039 0.000482421
 2.98039 0.000482421
 2.98039 0.000482421
 2.98039 0.000482421
 2.98039 0.000482421
 2.98039 0.000482421
 2.98039 0.000482421
 2.98039 0.00048242
 2.98039 0.00048242
 2.98039 0.00048242
 2.98039 0.00048242
 2.98039 0.00048242
 2.98039 0.00048242
 2.98039 0.000482419
 2.98039 0.000482419
 2.98039 0.000482419
 2.98039 0.000482419
 2.98039 0.000482419
 2.98039 0.000482419
 2.98039 0.000482418
 2.98039 0.000482418
 2.98039 0.000482418
 2.98039 0.000482418
 2.98039 0.000482417
 2.98039 0.000482417
 2.98039 0.000482417
 2.98039 0.000482417
 2.98039 0.000482416
 2.98039 0.000482416
 2.98039 0.000482416
 2.98039 0.000482415
 2.98039 0.000482415
 2.9804 0.000482415
 2.9804 0.000482414
 2.9804 0.000482414
 2.9804 0.000482414
 2.9804 0.000482414
 2.9804 0.000482413
 2.9804 0.000482413
 2.9804 0.000482412
 2.9804 0.000482412
 2.9804 0.000482412
 2.9804 0.000482411
 2.9804 0.000482411
 2.9804 0.000482411
 2.9804 0.00048241
 2.9804 0.00048241
 2.9804 0.000482409
 2.9804 0.000482409
 2.9804 0.000482409
 2.9804 0.000482408
 2.9804 0.000482408
 2.9804 0.000482407
 2.9804 0.000482407
 2.98041 0.000482407
 2.98041 0.000482406
 2.98041 0.000482406
 2.98041 0.000482405
 2.98041 0.000482405
 2.98041 0.000482404
 2.98041 0.000482404
 2.98041 0.000482403
 2.98041 0.000482403
 2.98041 0.000482402
 2.98041 0.000482402
 2.98041 0.000482401
 2.98041 0.000482401
 2.98041 0.0004824
 2.98041 0.0004824
 2.98041 0.000482399
 2.98041 0.000482398
 2.98042 0.000482398
 2.98042 0.000482397
 2.98042 0.000482396
 2.98042 0.000482396
 2.98042 0.000482395
 2.98042 0.000482395
 2.98042 0.000482394
 2.98042 0.000482394
 2.98042 0.000482393
 2.98042 0.000482392
 2.98042 0.000482391
 2.98042 0.000482391
 2.98042 0.00048239
 2.98043 0.00048239
 2.98043 0.000482389
 2.98043 0.000482389
 2.98043 0.000482387
 2.98043 0.000482387
 2.98043 0.000482386
 2.98043 0.000482386
 2.98043 0.000482385
 2.98043 0.000482384
 2.98043 0.000482383
 2.98043 0.000482383
 2.98043 0.000482382
 2.98044 0.000482381
 2.98044 0.00048238
 2.98044 0.00048238
 2.98044 0.000482378
 2.98044 0.000482378
 2.98044 0.000482377
 2.98044 0.000482377
 2.98044 0.000482375
 2.98044 0.000482375
 2.98044 0.000482374
 2.98044 0.000482374
 2.98045 0.000482372
 2.98045 0.000482372
 2.98045 0.00048237
 2.98045 0.00048237
 2.98045 0.000482369
 2.98045 0.000482369
 2.98045 0.000482367
 2.98045 0.000482367
 2.98045 0.000482365
 2.98045 0.000482365
 2.98046 0.000482363
 2.98046 0.000482363
 2.98046 0.000482361
 2.98046 0.000482361
 2.98046 0.00048236
 2.98046 0.000482359
 2.98046 0.000482358
 2.98046 0.000482357
 2.98046 0.000482356
 2.98047 0.000482355
 2.98047 0.000482354
 2.98047 0.000482353
 2.98047 0.000482352
 2.98047 0.000482351
 2.98047 0.00048235
 2.98047 0.000482349
 2.98047 0.000482348
 2.98047 0.000482347
 2.98048 0.000482346
 2.98048 0.000482345
 2.98048 0.000482343
 2.98048 0.000482343
 2.98048 0.000482341
 2.98048 0.000482341
 2.98048 0.000482339
 2.98048 0.000482339
 2.98049 0.000482337
 2.98049 0.000482336
 2.98049 0.000482335
 2.98049 0.000482334
 2.98049 0.000482332
 2.98049 0.000482332
 2.98049 0.00048233
 2.98049 0.000482329
 2.9805 0.000482328
 2.9805 0.000482327
 2.9805 0.000482325
 2.9805 0.000482324
 2.9805 0.000482323
 2.9805 0.000482322
 2.9805 0.00048232
 2.98051 0.000482319
 2.98051 0.000482318
 2.98051 0.000482317
 2.98051 0.000482315
 2.98051 0.000482314
 2.98051 0.000482313
 2.98051 0.000482312
 2.98052 0.00048231
 2.98052 0.000482309
 2.98052 0.000482308
 2.98052 0.000482306
 2.98052 0.000482305
 2.98052 0.000482304
 2.98052 0.000482302
 2.98053 0.000482301
 2.98053 0.000482299
 2.98053 0.000482298
 2.98053 0.000482297
 2.98053 0.000482295
 2.98053 0.000482294
 2.98053 0.000482292
 2.98054 0.000482291
 2.98054 0.000482289
 2.98054 0.000482288
 2.98054 0.000482286
 2.98054 0.000482285
 2.98054 0.000482283
 2.98055 0.000482282
 2.98055 0.00048228
 2.98055 0.000482279
 2.98055 0.000482277
 2.98055 0.000482276
 2.98055 0.000482274
 2.98055 0.000482273
 2.98056 0.000482271
 2.98056 0.00048227
 2.98056 0.000482268
 2.98056 0.000482267
 2.98056 0.000482265
 2.98056 0.000482264
 2.98057 0.000482261
 2.98057 0.00048226
 2.98057 0.000482258
 2.98057 0.000482257
 2.98057 0.000482255
 2.98057 0.000482254
 2.98058 0.000482251
 2.98058 0.000482251
 2.98058 0.000482248
 2.98058 0.000482247
 2.98058 0.000482244
 2.98059 0.000482244
 2.98059 0.000482241
 2.98059 0.00048224
 2.98059 0.000482237
 2.98059 0.000482237
 2.9806 0.000482234
 2.9806 0.000482233
 2.9806 0.00048223
 2.9806 0.00048223
 2.9806 0.000482226
 2.9806 0.000482226
 2.98061 0.000482222
 2.98061 0.000482222
 2.98061 0.000482219
 2.98061 0.000482219
 2.98061 0.000482215
 2.98061 0.000482215
 2.98062 0.000482211
 2.98062 0.000482211
 2.98062 0.000482207
 2.98062 0.000482207
 2.98063 0.000482203
 2.98063 0.000482203
 2.98063 0.000482199
 2.98063 0.000482199
 2.98063 0.000482195
 2.98063 0.000482195
 2.98064 0.000482191
 2.98064 0.000482191
 2.98064 0.000482187
 2.98064 0.000482186
 2.98065 0.000482183
 2.98065 0.000482182
 2.98065 0.000482179
 2.98065 0.000482178
 2.98065 0.000482175
 2.98065 0.000482174
 2.98066 0.000482171
 2.98066 0.000482169
 2.98066 0.000482166
 2.98066 0.000482165
 2.98067 0.000482162
 2.98067 0.00048216
 2.98067 0.000482158
 2.98067 0.000482156
 2.98067 0.000482153
 2.98068 0.000482151
 2.98068 0.000482149
 2.98068 0.000482147
 2.98068 0.000482144
 2.98068 0.000482142
 2.98069 0.000482139
 2.98069 0.000482137
 2.98069 0.000482135
 2.98069 0.000482132
 2.9807 0.00048213
 2.9807 0.000482128
 2.9807 0.000482125
 2.9807 0.000482123
 2.9807 0.000482121
 2.98071 0.000482118
 2.98071 0.000482116
 2.98071 0.000482113
 2.98071 0.000482111
 2.98072 0.000482108
 2.98072 0.000482106
 2.98072 0.000482103
 2.98072 0.000482101
 2.98073 0.000482098
 2.98073 0.000482096
 2.98073 0.000482092
 2.98073 0.000482091
 2.98074 0.000482087
 2.98074 0.000482086
 2.98074 0.000482082
 2.98074 0.000482081
 2.98074 0.000482076
 2.98075 0.000482075
 2.98075 0.000482071
 2.98075 0.00048207
 2.98075 0.000482065
 2.98076 0.000482065
 2.98076 0.00048206
 2.98076 0.000482059
 2.98076 0.000482054
 2.98076 0.000482054
 2.98077 0.000482049
 2.98077 0.000482048
 2.98077 0.000482043
 2.98077 0.000482043
 2.98078 0.000482037
 2.98078 0.000482037
 2.98078 0.000482032
 2.98078 0.000482031
 2.98079 0.000482026
 2.98079 0.000482025
 2.98079 0.00048202
 2.98079 0.000482019
 2.9808 0.000482014
 2.9808 0.000482013
 2.9808 0.000482008
 2.98081 0.000482007
 2.98081 0.000482002
 2.98081 0.000482001
 2.98081 0.000481996
 2.98082 0.000481995
 2.98082 0.00048199
 2.98082 0.000481989
 2.98082 0.000481984
 2.98083 0.000481982
 2.98083 0.000481978
 2.98083 0.000481976
 2.98084 0.000481972
 2.98084 0.000481969
 2.98084 0.000481965
 2.98084 0.000481963
 2.98085 0.000481959
 2.98085 0.000481956
 2.98085 0.000481953
 2.98085 0.000481949
 2.98086 0.000481946
 2.98086 0.000481943
 2.98086 0.00048194
 2.98087 0.000481936
 2.98087 0.000481933
 2.98087 0.000481929
 2.98087 0.000481926
 2.98088 0.000481922
 2.98088 0.00048192
 2.98088 0.000481915
 2.98088 0.000481913
 2.98089 0.000481908
 2.98089 0.000481906
 2.98089 0.000481901
 2.9809 0.000481899
 2.9809 0.000481894
 2.9809 0.000481892
 2.98091 0.000481886
 2.98091 0.000481885
 2.98091 0.000481879
 2.98091 0.000481878
 2.98092 0.000481872
 2.98092 0.000481871
 2.98092 0.000481864
 2.98092 0.000481863
 2.98093 0.000481857
 2.98093 0.000481856
 2.98093 0.000481849
 2.98093 0.000481849
 2.98094 0.000481841
 2.98094 0.000481841
 2.98095 0.000481834
 2.98095 0.000481833
 2.98095 0.000481826
 2.98095 0.000481825
 2.98096 0.000481818
 2.98096 0.000481818
 2.98096 0.000481811
 2.98097 0.00048181
 2.98097 0.000481803
 2.98097 0.000481801
 2.98098 0.000481795
 2.98098 0.000481793
 2.98098 0.000481787
 2.98098 0.000481785
 2.98099 0.000481779
 2.98099 0.000481777
 2.98099 0.000481771
 2.981 0.000481768
 2.981 0.000481763
 2.981 0.00048176
 2.98101 0.000481755
 2.98101 0.000481751
 2.98101 0.000481746
 2.98102 0.000481743
 2.98102 0.000481738
 2.98102 0.000481734
 2.98103 0.00048173
 2.98103 0.000481725
 2.98103 0.000481721
 2.98104 0.000481716
 2.98104 0.000481712
 2.98104 0.000481707
 2.98104 0.000481704
 2.98105 0.000481698
 2.98105 0.000481695
 2.98105 0.000481689
 2.98106 0.000481686
 2.98106 0.00048168
 2.98106 0.000481677
 2.98107 0.00048167
 2.98107 0.000481668
 2.98107 0.000481661
 2.98108 0.000481659
 2.98108 0.000481651
 2.98108 0.00048165
 2.98109 0.000481642
 2.98109 0.000481641
 2.9811 0.000481632
 2.9811 0.000481632
 2.9811 0.000481622
 2.9811 0.000481622
 2.98111 0.000481613
 2.98111 0.000481613
 2.98112 0.000481603
 2.98112 0.000481603
 2.98112 0.000481594
 2.98112 0.000481593
 2.98113 0.000481584
 2.98113 0.000481583
 2.98114 0.000481574
 2.98114 0.000481572
 2.98114 0.000481564
 2.98114 0.000481562
 2.98115 0.000481555
 2.98115 0.000481552
 2.98116 0.000481545
 2.98116 0.000481541
 2.98116 0.000481534
 2.98117 0.000481531
 2.98117 0.000481524
 2.98117 0.00048152
 2.98118 0.000481514
 2.98118 0.000481509
 2.98118 0.000481504
 2.98119 0.000481498
 2.98119 0.000481493
 2.98119 0.000481487
 2.9812 0.000481483
 2.9812 0.000481476
 2.9812 0.000481472
 2.98121 0.000481465
 2.98121 0.000481461
 2.98122 0.000481454
 2.98122 0.000481451
 2.98122 0.000481443
 2.98123 0.00048144
 2.98123 0.000481431
 2.98123 0.000481429
 2.98124 0.00048142
 2.98124 0.000481418
 2.98125 0.000481408
 2.98125 0.000481407
 2.98125 0.000481396
 2.98125 0.000481395
 2.98126 0.000481385
 2.98126 0.000481384
 2.98127 0.000481373
 2.98127 0.000481373
 2.98128 0.000481361
 2.98128 0.000481361
 2.98128 0.000481349
 2.98128 0.000481348
 2.98129 0.000481338
 2.98129 0.000481336
 2.9813 0.000481326
 2.9813 0.000481324
 2.98131 0.000481314
 2.98131 0.000481311
 2.98131 0.000481302
 2.98132 0.000481299
 2.98132 0.00048129
 2.98132 0.000481286
 2.98133 0.000481278
 2.98133 0.000481273
 2.98134 0.000481266
 2.98134 0.00048126
 2.98134 0.000481253
 2.98135 0.000481247
 2.98135 0.000481241
 2.98136 0.000481234
 2.98136 0.000481228
 2.98136 0.000481221
 2.98137 0.000481216
 2.98137 0.000481208
 2.98137 0.000481203
 2.98138 0.000481194
 2.98138 0.00048119
 2.98139 0.000481181
 2.98139 0.000481177
 2.9814 0.000481167
 2.9814 0.000481164
 2.9814 0.000481153
 2.98141 0.000481151
 2.98141 0.000481139
 2.98141 0.000481137
 2.98142 0.000481125
 2.98142 0.000481124
 2.98143 0.000481111
 2.98143 0.000481111
 2.98144 0.000481097
 2.98144 0.000481097
 2.98145 0.000481083
 2.98145 0.000481082
 2.98145 0.00048107
 2.98145 0.000481068
 2.98146 0.000481056
 2.98146 0.000481053
 2.98147 0.000481042
 2.98147 0.000481039
 2.98148 0.000481028
 2.98148 0.000481024
 2.98149 0.000481013
 2.98149 0.000481009
 2.98149 0.000480999
 2.9815 0.000480994
 2.9815 0.000480985
 2.98151 0.000480978
 2.98151 0.00048097
 2.98151 0.000480963
 2.98152 0.000480955
 2.98152 0.000480948
 2.98153 0.000480941
 2.98153 0.000480932
 2.98154 0.000480926
 2.98154 0.000480916
 2.98154 0.000480911
 2.98155 0.0004809
 2.98155 0.000480896
 2.98156 0.000480884
 2.98156 0.000480881
 2.98157 0.000480868
 2.98157 0.000480865
 2.98158 0.000480852
 2.98158 0.00048085
 2.98158 0.000480836
 2.98159 0.000480834
 2.98159 0.000480819
 2.98159 0.000480819
 2.9816 0.000480803
 2.9816 0.000480802
 2.98161 0.000480787
 2.98161 0.000480786
 2.98162 0.000480771
 2.98162 0.000480769
 2.98163 0.000480755
 2.98163 0.000480752
 2.98164 0.000480738
 2.98164 0.000480735
 2.98165 0.000480722
 2.98165 0.000480717
 2.98165 0.000480706
 2.98166 0.0004807
 2.98166 0.000480689
 2.98167 0.000480682
 2.98167 0.000480672
 2.98168 0.000480664
 2.98168 0.000480655
 2.98169 0.000480647
 2.98169 0.000480638
 2.98169 0.000480629
 2.9817 0.000480621
 2.9817 0.00048061
 2.98171 0.000480604
 2.98171 0.000480592
 2.98172 0.000480587
 2.98172 0.000480574
 2.98173 0.000480569
 2.98173 0.000480555
 2.98173 0.000480552
 2.98174 0.000480536
 2.98174 0.000480534
 2.98175 0.000480518
 2.98175 0.000480516
 2.98176 0.000480498
 2.98176 0.000480498
 2.98177 0.00048048
 2.98177 0.000480479
 2.98178 0.000480462
 2.98178 0.00048046
 2.98179 0.000480443
 2.98179 0.000480441
 2.9818 0.000480425
 2.9818 0.000480421
 2.98181 0.000480406
 2.98181 0.000480401
 2.98182 0.000480387
 2.98182 0.000480381
 2.98183 0.000480369
 2.98183 0.000480361
 2.98183 0.00048035
 2.98184 0.000480341
 2.98184 0.00048033
 2.98185 0.000480321
 2.98185 0.000480311
 2.98186 0.0004803
 2.98186 0.000480292
 2.98187 0.000480279
 2.98187 0.000480272
 2.98188 0.000480258
 2.98188 0.000480252
 2.98189 0.000480237
 2.98189 0.000480232
 2.9819 0.000480216
 2.9819 0.000480213
 2.98191 0.000480195
 2.98191 0.000480192
 2.98192 0.000480173
 2.98192 0.000480172
 2.98193 0.000480152
 2.98193 0.000480152
 2.98194 0.000480131
 2.98194 0.00048013
 2.98195 0.000480111
 2.98195 0.000480108
 2.98196 0.00048009
 2.98196 0.000480086
 2.98197 0.000480069
 2.98197 0.000480064
 2.98198 0.000480048
 2.98198 0.000480041
 2.98199 0.000480026
 2.98199 0.000480018
 2.982 0.000480005
 2.982 0.000479996
 2.98201 0.000479983
 2.98201 0.000479973
 2.98202 0.000479962
 2.98202 0.000479949
 2.98203 0.00047994
 2.98203 0.000479926
 2.98204 0.000479918
 2.98204 0.000479903
 2.98205 0.000479896
 2.98205 0.000479879
 2.98206 0.000479873
 2.98206 0.000479855
 2.98207 0.000479851
 2.98208 0.000479831
 2.98208 0.000479828
 2.98209 0.000479807
 2.98209 0.000479806
 2.9821 0.000479783
 2.9821 0.000479783
 2.98211 0.00047976
 2.98211 0.000479758
 2.98212 0.000479737
 2.98212 0.000479733
 2.98213 0.000479713
 2.98213 0.000479708
 2.98214 0.00047969
 2.98214 0.000479683
 2.98215 0.000479666
 2.98215 0.000479658
 2.98216 0.000479642
 2.98216 0.000479633
 2.98217 0.000479618
 2.98217 0.000479607
 2.98218 0.000479594
 2.98218 0.000479581
 2.98219 0.00047957
 2.9822 0.000479555
 2.9822 0.000479545
 2.98221 0.000479529
 2.98221 0.000479521
 2.98222 0.000479502
 2.98222 0.000479496
 2.98223 0.000479476
 2.98223 0.000479471
 2.98224 0.000479449
 2.98224 0.000479446
 2.98225 0.000479422
 2.98225 0.000479421
 2.98226 0.000479395
 2.98226 0.000479395
 2.98227 0.00047937
 2.98227 0.000479368
 2.98228 0.000479344
 2.98228 0.00047934
 2.98229 0.000479318
 2.9823 0.000479312
 2.9823 0.000479292
 2.98231 0.000479284
 2.98232 0.000479266
 2.98232 0.000479256
 2.98233 0.000479239
 2.98233 0.000479228
 2.98234 0.000479213
 2.98234 0.0004792
 2.98235 0.000479186
 2.98235 0.000479171
 2.98236 0.000479159
 2.98237 0.000479142
 2.98237 0.000479132
 2.98238 0.000479113
 2.98238 0.000479105
 2.98239 0.000479083
 2.98239 0.000479077
 2.9824 0.000479054
 2.9824 0.00047905
 2.98241 0.000479024
 2.98241 0.000479022
 2.98242 0.000478994
 2.98242 0.000478994
 2.98243 0.000478966
 2.98244 0.000478964
 2.98245 0.000478937
 2.98245 0.000478934
 2.98246 0.000478909
 2.98246 0.000478903
 2.98247 0.00047888
 2.98247 0.000478872
 2.98248 0.000478851
 2.98248 0.000478841
 2.98249 0.000478822
 2.98249 0.00047881
 2.9825 0.000478793
 2.98251 0.000478779
 2.98251 0.000478764
 2.98252 0.000478747
 2.98252 0.000478734
 2.98253 0.000478715
 2.98253 0.000478704
 2.98254 0.000478683
 2.98255 0.000478674
 2.98256 0.000478651
 2.98256 0.000478644
 2.98257 0.000478618
 2.98257 0.000478614
 2.98258 0.000478585
 2.98258 0.000478583
 2.98259 0.000478553
 2.98259 0.000478552
 2.9826 0.000478522
 2.9826 0.000478519
 2.98261 0.000478491
 2.98262 0.000478486
 2.98263 0.00047846
 2.98263 0.000478452
 2.98264 0.000478428
 2.98264 0.000478418
 2.98265 0.000478396
 2.98265 0.000478384
 2.98266 0.000478365
 2.98267 0.00047835
 2.98267 0.000478333
 2.98268 0.000478315
 2.98268 0.0004783
 2.98269 0.000478281
 2.9827 0.000478268
 2.9827 0.000478246
 2.98271 0.000478235
 2.98272 0.00047821
 2.98272 0.000478203
 2.98273 0.000478175
 2.98273 0.00047817
 2.98274 0.000478139
 2.98274 0.000478136
 2.98275 0.000478103
 2.98275 0.000478103
 2.98277 0.000478069
 2.98277 0.000478067
 2.98278 0.000478036
 2.98278 0.00047803
 2.98279 0.000478002
 2.98279 0.000477994
 2.9828 0.000477967
 2.98281 0.000477957
 2.98281 0.000477933
 2.98282 0.00047792
 2.98283 0.000477898
 2.98283 0.000477882
 2.98284 0.000477863
 2.98284 0.000477845
 2.98285 0.000477828
 2.98286 0.000477807
 2.98286 0.000477793
 2.98287 0.000477769
 2.98287 0.000477758
 2.98288 0.00047773
 2.98289 0.000477722
 2.9829 0.000477691
 2.9829 0.000477686
 2.98291 0.000477653
 2.98291 0.00047765
 2.98292 0.000477614
 2.98292 0.000477613
 2.98293 0.000477577
 2.98294 0.000477574
 2.98295 0.000477541
 2.98295 0.000477534
 2.98296 0.000477504
 2.98296 0.000477494
 2.98297 0.000477467
 2.98298 0.000477454
 2.98298 0.000477429
 2.98299 0.000477414
 2.983 0.000477392
 2.983 0.000477373
 2.98301 0.000477354
 2.98302 0.000477332
 2.98302 0.000477316
 2.98303 0.000477291
 2.98303 0.000477278
 2.98304 0.000477249
 2.98305 0.000477239
 2.98306 0.000477208
 2.98306 0.000477201
 2.98307 0.000477165
 2.98307 0.000477162
 2.98308 0.000477123
 2.98308 0.000477123
 2.9831 0.000477083
 2.9831 0.000477081
 2.98311 0.000477044
 2.98311 0.000477038
 2.98312 0.000477004
 2.98312 0.000476995
 2.98313 0.000476964
 2.98314 0.000476951
 2.98315 0.000476924
 2.98315 0.000476908
 2.98316 0.000476883
 2.98317 0.000476864
 2.98317 0.000476843
 2.98318 0.000476819
 2.98318 0.000476802
 2.98319 0.000476775
 2.9832 0.000476761
 2.98321 0.00047673
 2.98321 0.000476719
 2.98322 0.000476685
 2.98322 0.000476678
 2.98324 0.00047664
 2.98324 0.000476636
 2.98325 0.000476594
 2.98325 0.000476594
 2.98326 0.000476552
 2.98326 0.000476548
 2.98328 0.000476509
 2.98328 0.000476502
 2.98329 0.000476466
 2.98329 0.000476456
 2.9833 0.000476423
 2.98331 0.000476409
 2.98331 0.00047638
 2.98332 0.000476362
 2.98333 0.000476337
 2.98333 0.000476314
 2.98334 0.000476293
 2.98335 0.000476267
 2.98335 0.000476249
 2.98336 0.000476219
 2.98337 0.000476205
 2.98338 0.000476171
 2.98338 0.00047616
 2.98339 0.000476122
 2.98339 0.000476116
 2.98341 0.000476073
 2.98341 0.000476071
 2.98342 0.000476026
 2.98342 0.000476024
 2.98343 0.00047598
 2.98343 0.000475975
 2.98345 0.000475934
 2.98345 0.000475925
 2.98346 0.000475889
 2.98346 0.000475875
 2.98347 0.000475842
 2.98348 0.000475825
 2.98349 0.000475796
 2.98349 0.000475774
 2.9835 0.000475749
 2.98351 0.000475723
 2.98351 0.000475702
 2.98352 0.000475672
 2.98353 0.000475655
 2.98354 0.00047562
 2.98354 0.000475608
 2.98355 0.000475568
 2.98355 0.00047556
 2.98357 0.000475516
 2.98357 0.000475512
 2.98358 0.000475464
 2.98358 0.000475464
 2.98359 0.000475415
 2.9836 0.000475411
 2.98361 0.000475367
 2.98361 0.000475358
 2.98362 0.000475318
 2.98363 0.000475304
 2.98364 0.000475269
 2.98364 0.00047525
 2.98365 0.000475219
 2.98366 0.000475196
 2.98366 0.000475169
 2.98367 0.000475142
 2.98368 0.000475119
 2.98369 0.000475087
 2.98369 0.000475069
 2.9837 0.000475032
 2.98371 0.000475018
 2.98372 0.000474976
 2.98372 0.000474968
 2.98373 0.000474921
 2.98373 0.000474917
 2.98375 0.000474865
 2.98375 0.000474865
 2.98376 0.000474814
 2.98376 0.000474808
 2.98377 0.000474762
 2.98378 0.000474751
 2.98379 0.00047471
 2.98379 0.000474694
 2.9838 0.000474657
 2.98381 0.000474637
 2.98382 0.000474604
 2.98382 0.000474579
 2.98383 0.000474552
 2.98384 0.000474521
 2.98385 0.000474498
 2.98385 0.000474463
 2.98386 0.000474445
 2.98387 0.000474404
 2.98387 0.000474391
 2.98389 0.000474345
 2.98389 0.000474337
 2.9839 0.000474285
 2.9839 0.000474282
 2.98392 0.000474228
 2.98392 0.000474225
 2.98393 0.000474173
 2.98393 0.000474165
 2.98395 0.000474118
 2.98395 0.000474105
 2.98396 0.000474062
 2.98396 0.000474044
 2.98397 0.000474006
 2.98398 0.000473983
 2.98399 0.00047395
 2.984 0.000473921
 2.984 0.000473894
 2.98401 0.000473859
 2.98402 0.000473837
 2.98403 0.000473797
 2.98403 0.000473781
 2.98404 0.000473734
 2.98405 0.000473723
 2.98406 0.000473671
 2.98406 0.000473666
 2.98408 0.000473608
 2.98408 0.000473608
 2.98409 0.00047355
 2.98409 0.000473544
 2.9841 0.000473492
 2.98411 0.00047348
 2.98412 0.000473433
 2.98412 0.000473416
 2.98413 0.000473374
 2.98414 0.000473351
 2.98415 0.000473315
 2.98416 0.000473286
 2.98416 0.000473255
 2.98417 0.00047322
 2.98418 0.000473195
 2.98419 0.000473154
 2.98419 0.000473135
 2.98421 0.000473088
 2.98421 0.000473075
 2.98422 0.000473021
 2.98422 0.000473014
 2.98424 0.000472954
 2.98424 0.000472953
 2.98425 0.000472892
 2.98425 0.000472887
 2.98427 0.00047283
 2.98427 0.000472819
 2.98428 0.000472768
 2.98429 0.00047275
 2.9843 0.000472706
 2.9843 0.000472682
 2.98431 0.000472643
 2.98432 0.000472613
 2.98433 0.000472581
 2.98434 0.000472544
 2.98434 0.000472517
 2.98435 0.000472474
 2.98436 0.000472454
 2.98437 0.000472404
 2.98437 0.00047239
 2.98439 0.000472333
 2.98439 0.000472326
 2.9844 0.000472262
 2.9844 0.000472262
 2.98442 0.000472197
 2.98442 0.000472191
 2.98443 0.000472132
 2.98444 0.000472119
 2.98445 0.000472066
 2.98445 0.000472047
 2.98446 0.000472001
 2.98447 0.000471974
 2.98448 0.000471935
 2.98449 0.000471901
 2.9845 0.000471868
 2.9845 0.000471828
 2.98451 0.000471802
 2.98452 0.000471754
 2.98453 0.000471735
 2.98454 0.00047168
 2.98454 0.000471667
 2.98456 0.000471606
 2.98456 0.0004716
 2.98457 0.000471532
 2.98457 0.000471531
 2.98459 0.000471464
 2.98459 0.000471455
 2.9846 0.000471395
 2.98461 0.00047138
 2.98462 0.000471326
 2.98462 0.000471303
 2.98463 0.000471257
 2.98464 0.000471227
 2.98465 0.000471187
 2.98466 0.00047115
 2.98467 0.000471118
 2.98468 0.000471072
 2.98468 0.000471047
 2.98469 0.000470994
 2.9847 0.000470977
 2.98471 0.000470916
 2.98471 0.000470906
 2.98473 0.000470837
 2.98473 0.000470835
 2.98474 0.000470763
 2.98475 0.000470758
 2.98476 0.000470691
 2.98476 0.000470679
 2.98478 0.000470619
 2.98478 0.000470599
 2.98479 0.000470546
 2.9848 0.000470518
 2.98481 0.000470473
 2.98482 0.000470437
 2.98482 0.0004704
 2.98483 0.000470356
 2.98484 0.000470327
 2.98485 0.000470274
 2.98486 0.000470253
 2.98487 0.000470192
 2.98487 0.000470178
 2.98489 0.00047011
 2.98489 0.000470104
 2.9849 0.000470029
 2.9849 0.000470026
 2.98492 0.000469953
 2.98492 0.000469943
 2.98494 0.000469878
 2.98494 0.000469859
 2.98495 0.000469802
 2.98496 0.000469775
 2.98497 0.000469725
 2.98498 0.00046969
 2.98499 0.000469649
 2.98499 0.000469605
 2.985 0.000469571
 2.98501 0.000469519
 2.98502 0.000469494
 2.98503 0.000469433
 2.98503 0.000469416
 2.98505 0.000469346
 2.98505 0.000469338
 2.98507 0.00046926
 2.98507 0.000469259
 2.98508 0.000469181
 2.98508 0.000469171
 2.9851 0.000469102
 2.9851 0.000469083
 2.98512 0.000469022
 2.98512 0.000468995
 2.98513 0.000468942
 2.98514 0.000468906
 2.98515 0.000468862
 2.98516 0.000468816
 2.98517 0.000468781
 2.98518 0.000468726
 2.98518 0.0004687
 2.98519 0.000468636
 2.9852 0.000468619
 2.98521 0.000468545
 2.98521 0.000468537
 2.98523 0.000468455
 2.98523 0.000468454
 2.98525 0.000468372
 2.98525 0.000468362
 2.98526 0.000468289
 2.98527 0.00046827
 2.98528 0.000468206
 2.98529 0.000468177
 2.9853 0.000468122
 2.98531 0.000468084
 2.98531 0.000468038
 2.98532 0.00046799
 2.98533 0.000467954
 2.98534 0.000467896
 2.98535 0.000467869
 2.98536 0.000467801
 2.98537 0.000467784
 2.98538 0.000467706
 2.98538 0.000467699
 2.9854 0.000467613
 2.9854 0.00046761
 2.98542 0.000467527
 2.98542 0.000467514
 2.98543 0.00046744
 2.98544 0.000467418
 2.98545 0.000467353
 2.98546 0.000467321
 2.98547 0.000467265
 2.98548 0.000467223
 2.98548 0.000467178
 2.98549 0.000467125
 2.9855 0.00046709
 2.98551 0.000467026
 2.98552 0.000467001
 2.98553 0.000466927
 2.98554 0.000466912
 2.98555 0.000466827
 2.98555 0.000466823
 2.98557 0.000466733
 2.98557 0.000466727
 2.98559 0.000466643
 2.98559 0.000466627
 2.9856 0.000466552
 2.98561 0.000466525
 2.98562 0.000466461
 2.98563 0.000466424
 2.98564 0.00046637
 2.98565 0.000466321
 2.98566 0.000466278
 2.98567 0.000466219
 2.98567 0.000466186
 2.98569 0.000466116
 2.98569 0.000466094
 2.98571 0.000466012
 2.98571 0.000466001
 2.98572 0.000465908
 2.98572 0.000465908
 2.98574 0.000465814
 2.98574 0.000465803
 2.98576 0.00046572
 2.98576 0.000465697
 2.98578 0.000465625
 2.98578 0.000465592
 2.98579 0.00046553
 2.9858 0.000465485
 2.98581 0.000465435
 2.98582 0.000465378
 2.98583 0.000465339
 2.98584 0.000465271
 2.98585 0.000465243
 2.98586 0.000465163
 2.98587 0.000465147
 2.98588 0.000465054
 2.98588 0.00046505
 2.9859 0.000464952
 2.9859 0.000464945
 2.98592 0.000464854
 2.98592 0.000464836
 2.98594 0.000464756
 2.98594 0.000464726
 2.98595 0.000464658
 2.98596 0.000464615
 2.98597 0.000464559
 2.98598 0.000464504
 2.98599 0.000464459
 2.986 0.000464392
 2.98601 0.000464359
 2.98602 0.00046428
 2.98602 0.000464259
 2.98604 0.000464167
 2.98604 0.000464158
 2.98606 0.000464057
 2.98606 0.000464053
 2.98608 0.000463956
 2.98608 0.000463939
 2.9861 0.000463854
 2.9861 0.000463825
 2.98611 0.000463751
 2.98612 0.00046371
 2.98613 0.000463648
 2.98614 0.000463594
 2.98615 0.000463545
 2.98616 0.000463478
 2.98617 0.000463441
 2.98618 0.000463361
 2.98619 0.000463337
 2.9862 0.000463244
 2.9862 0.000463233
 2.98622 0.000463128
 2.98622 0.000463126
 2.98624 0.000463022
 2.98624 0.000463007
 2.98626 0.000462916
 2.98626 0.000462888
 2.98628 0.00046281
 2.98628 0.000462768
 2.9863 0.000462703
 2.98631 0.000462648
 2.98631 0.000462596
 2.98633 0.000462527
 2.98633 0.000462488
 2.98635 0.000462406
 2.98635 0.00046238
 2.98637 0.000462284
 2.98637 0.000462272
 2.98639 0.000462163
 2.98639 0.000462161
 2.98641 0.000462054
 2.98641 0.000462038
 2.98642 0.000461944
 2.98643 0.000461914
 2.98644 0.000461833
 2.98645 0.00046179
 2.98646 0.000461723
 2.98647 0.000461665
 2.98648 0.000461611
 2.98649 0.000461539
 2.9865 0.0004615
 2.98651 0.000461413
 2.98652 0.000461388
 2.98653 0.000461286
 2.98654 0.000461275
 2.98655 0.000461162
 2.98655 0.000461159
 2.98657 0.000461049
 2.98658 0.000461031
 2.98659 0.000460935
 2.9866 0.000460903
 2.98661 0.00046082
 2.98662 0.000460773
 2.98663 0.000460706
 2.98664 0.000460644
 2.98665 0.00046059
 2.98666 0.000460513
 2.98667 0.000460475
 2.98668 0.000460382
 2.98668 0.000460358
 2.9867 0.000460251
 2.9867 0.000460242
 2.98672 0.000460124
 2.98672 0.000460118
 2.98674 0.000460007
 2.98674 0.000459985
 2.98676 0.000459889
 2.98677 0.000459852
 2.98678 0.00045977
 2.98679 0.000459718
 2.9868 0.000459651
 2.98681 0.000459583
 2.98682 0.000459532
 2.98683 0.000459448
 2.98684 0.000459412
 2.98685 0.000459312
 2.98686 0.000459291
 2.98687 0.000459175
 2.98687 0.00045917
 2.98689 0.000459049
 2.9869 0.000459038
 2.98691 0.000458927
 2.98692 0.0004589
 2.98693 0.000458805
 2.98694 0.000458761
 2.98695 0.000458682
 2.98696 0.000458622
 2.98697 0.000458559
 2.98698 0.000458482
 2.98699 0.000458435
 2.987 0.000458341
 2.98701 0.00045831
 2.98703 0.0004582
 2.98703 0.000458186
 2.98705 0.00045806
 2.98705 0.000458058
 2.98707 0.000457935
 2.98707 0.000457916
 2.98709 0.000457808
 2.98709 0.000457773
 2.98711 0.000457682
 2.98711 0.000457629
 2.98712 0.000457554
 2.98714 0.000457485
 2.98714 0.000457427
 2.98716 0.000457339
 2.98716 0.000457299
 2.98718 0.000457194
 2.98718 0.00045717
 2.9872 0.000457047
 2.9872 0.000457041
 2.98722 0.000456911
 2.98722 0.0004569
 2.98724 0.000456781
 2.98725 0.000456752
 2.98726 0.00045665
 2.98727 0.000456604
 2.98728 0.000456519
 2.98729 0.000456455
 2.9873 0.000456387
 2.98731 0.000456305
 2.98732 0.000456255
 2.98734 0.000456154
 2.98734 0.000456122
 2.98736 0.000456003
 2.98736 0.000455989
 2.98738 0.000455855
 2.98738 0.000455851
 2.9874 0.000455721
 2.9874 0.000455699
 2.98742 0.000455586
 2.98743 0.000455545
 2.98744 0.000455451
 2.98745 0.000455391
 2.98746 0.000455315
 2.98747 0.000455237
 2.98748 0.000455179
 2.98749 0.000455081
 2.9875 0.000455042
 2.98752 0.000454925
 2.98752 0.000454905
 2.98754 0.000454769
 2.98754 0.000454767
 2.98756 0.000454629
 2.98756 0.000454611
 2.98758 0.00045449
 2.98758 0.000454453
 2.9876 0.00045435
 2.98761 0.000454294
 2.98762 0.00045421
 2.98763 0.000454134
 2.98764 0.00045407
 2.98765 0.000453974
 2.98766 0.000453929
 2.98768 0.000453813
 2.98768 0.000453788
 2.9877 0.000453651
 2.9877 0.000453646
 2.98772 0.000453503
 2.98772 0.000453489
 2.98774 0.00045336
 2.98774 0.000453326
 2.98776 0.000453216
 2.98777 0.000453162
 2.98778 0.000453072
 2.98779 0.000452997
 2.9878 0.000452927
 2.98781 0.000452832
 2.98782 0.000452782
 2.98784 0.000452666
 2.98784 0.000452636
 2.98786 0.000452499
 2.98786 0.00045249
 2.98788 0.000452343
 2.98788 0.000452331
 2.9879 0.000452196
 2.98791 0.000452163
 2.98792 0.000452048
 2.98793 0.000451994
 2.98794 0.000451899
 2.98795 0.000451824
 2.98796 0.00045175
 2.98798 0.000451654
 2.98798 0.000451601
 2.988 0.000451482
 2.988 0.000451451
 2.98802 0.00045131
 2.98803 0.0004513
 2.98805 0.000451149
 2.98805 0.000451138
 2.98807 0.000450997
 2.98807 0.000450964
 2.98809 0.000450845
 2.98809 0.00045079
 2.98811 0.000450692
 2.98812 0.000450615
 2.98813 0.000450539
 2.98814 0.000450439
 2.98815 0.000450385
 2.98817 0.000450262
 2.98817 0.00045023
 2.98819 0.000450085
 2.98819 0.000450075
 2.98821 0.000449919
 2.98821 0.000449907
 2.98823 0.000449763
 2.98824 0.000449728
 2.98825 0.000449606
 2.98826 0.000449548
 2.98827 0.000449449
 2.98828 0.000449368
 2.9883 0.000449291
 2.98831 0.000449186
 2.98832 0.000449133
 2.98833 0.000449004
 2.98834 0.000448974
 2.98836 0.000448822
 2.98836 0.000448814
 2.98838 0.000448654
 2.98838 0.000448638
 2.9884 0.000448493
 2.98841 0.000448454
 2.98842 0.000448332
 2.98843 0.000448268
 2.98844 0.00044817
 2.98845 0.000448082
 2.98846 0.000448007
 2.98848 0.000447896
 2.98848 0.000447844
 2.9885 0.000447708
 2.98851 0.000447681
 2.98853 0.00044752
 2.98853 0.000447516
 2.98855 0.000447351
 2.98855 0.000447331
 2.98857 0.000447186
 2.98858 0.000447141
 2.98859 0.00044702
 2.9886 0.00044695
 2.98861 0.000446854
 2.98862 0.000446758
 2.98863 0.000446686
 2.98865 0.000446566
 2.98865 0.000446519
 2.98867 0.000446373
 2.98868 0.00044635
 2.9887 0.000446181
 2.9887 0.000446178
 2.98872 0.000446012
 2.98872 0.000445984
 2.98874 0.000445842
 2.98875 0.000445788
 2.98876 0.000445671
 2.98877 0.000445591
 2.98878 0.0004455
 2.9888 0.000445394
 2.9888 0.000445328
 2.98882 0.000445196
 2.98883 0.000445155
 2.98885 0.000444997
 2.98885 0.000444982
 2.98887 0.000444809
 2.98887 0.000444797
 2.98889 0.000444634
 2.9889 0.000444596
 2.98891 0.000444459
 2.98892 0.000444395
 2.98893 0.000444284
 2.98895 0.000444192
 2.98896 0.000444108
 2.98897 0.000443989
 2.98898 0.000443931
 2.989 0.000443785
 2.989 0.000443754
 2.98902 0.00044358
 2.98902 0.000443576
 2.98904 0.000443397
 2.98905 0.000443374
 2.98907 0.000443218
 2.98907 0.000443167
 2.98909 0.000443038
 2.9891 0.00044296
 2.98911 0.000442858
 2.98912 0.000442752
 2.98913 0.000442677
 2.98915 0.000442542
 2.98915 0.000442495
 2.98917 0.000442332
 2.98918 0.000442313
 2.9892 0.00044213
 2.9892 0.000442121
 2.98922 0.000441947
 2.98922 0.000441909
 2.98924 0.000441763
 2.98925 0.000441697
 2.98926 0.000441578
 2.98927 0.000441483
 2.98929 0.000441392
 2.9893 0.000441268
 2.98931 0.000441206
 2.98933 0.000441053
 2.98933 0.00044102
 2.98935 0.000440837
 2.98935 0.000440832
 2.98937 0.000440645
 2.98938 0.00044062
 2.9894 0.000440456
 2.9894 0.000440402
 2.98942 0.000440267
 2.98943 0.000440183
 2.98944 0.000440077
 2.98945 0.000439963
 2.98946 0.000439887
 2.98948 0.000439742
 2.98949 0.000439695
 2.98951 0.00043952
 2.98951 0.000439504
 2.98953 0.000439311
 2.98953 0.000439298
 2.98955 0.000439118
 2.98956 0.000439074
 2.98957 0.000438925
 2.98958 0.00043885
 2.9896 0.00043873
 2.98961 0.000438625
 2.98962 0.000438535
 2.98964 0.000438398
 2.98964 0.00043834
 2.98966 0.000438171
 2.98966 0.000438143
 2.98969 0.000437947
 2.98969 0.000437943
 2.98971 0.000437749
 2.98971 0.000437714
 2.98973 0.000437551
 2.98974 0.000437484
 2.98976 0.000437352
 2.98977 0.000437253
 2.98978 0.000437152
 2.98979 0.000437022
 2.9898 0.000436952
 2.98982 0.000436789
 2.98982 0.000436751
 2.98985 0.000436555
 2.98985 0.00043655
 2.98987 0.000436348
 2.98987 0.000436321
 2.98989 0.000436145
 2.9899 0.000436085
 2.98991 0.000435941
 2.98992 0.000435849
 2.98994 0.000435737
 2.98995 0.000435611
 2.98996 0.000435532
 2.98998 0.000435373
 2.98998 0.000435327
 2.99 0.000435134
 2.99001 0.00043512
 2.99003 0.000434914
 2.99003 0.000434893
 2.99005 0.000434706
 2.99006 0.000434652
 2.99007 0.000434498
 2.99008 0.00043441
 2.9901 0.000434289
 2.99011 0.000434167
 2.99012 0.000434079
 2.99014 0.000433923
 2.99014 0.000433869
 2.99016 0.000433678
 2.99017 0.000433658
 2.99019 0.000433447
 2.99019 0.000433431
 2.99021 0.000433234
 2.99022 0.000433184
 2.99024 0.000433021
 2.99025 0.000432936
 2.99026 0.000432808
 2.99027 0.000432687
 2.99028 0.000432593
 2.9903 0.000432437
 2.99031 0.000432378
 2.99033 0.000432186
 2.99033 0.000432162
 2.99035 0.000431946
 2.99035 0.000431934
 2.99038 0.000431729
 2.99038 0.000431681
 2.9904 0.000431511
 2.99041 0.000431427
 2.99042 0.000431293
 2.99044 0.000431172
 2.99045 0.000431073
 2.99046 0.000430916
 2.99047 0.000430853
 2.99049 0.000430659
 2.99049 0.000430633
 2.99052 0.000430411
 2.99052 0.000430401
 2.99054 0.000430189
 2.99054 0.000430142
 2.99056 0.000429967
 2.99057 0.000429882
 2.99059 0.000429743
 2.9906 0.000429621
 2.99061 0.000429519
 2.99063 0.000429359
 2.99063 0.000429294
 2.99065 0.000429096
 2.99066 0.000429069
 2.99068 0.000428842
 2.99068 0.000428832
 2.99071 0.000428615
 2.99071 0.000428567
 2.99073 0.000428388
 2.99074 0.000428301
 2.99075 0.000428159
 2.99077 0.000428034
 2.99078 0.00042793
 2.99079 0.000427765
 2.9908 0.0004277
 2.99082 0.000427496
 2.99082 0.00042747
 2.99085 0.000427238
 2.99085 0.000427226
 2.99087 0.000427006
 2.99088 0.000426954
 2.9909 0.000426773
 2.9909 0.000426682
 2.99092 0.00042654
 2.99093 0.000426409
 2.99094 0.000426306
 2.99096 0.000426134
 2.99097 0.000426071
 2.99099 0.000425858
 2.99099 0.000425835
 2.99102 0.000425599
 2.99102 0.000425582
 2.99104 0.000425361
 2.99104 0.000425304
 2.99106 0.000425124
 2.99107 0.000425025
 2.99109 0.000424885
 2.9911 0.000424746
 2.99111 0.000424646
 2.99113 0.000424465
 2.99114 0.000424405
 2.99116 0.000424183
 2.99116 0.000424165
 2.99118 0.000423923
 2.99119 0.0004239
 2.99121 0.000423681
 2.99121 0.000423615
 2.99123 0.000423438
 2.99124 0.00042333
 2.99126 0.000423194
 2.99127 0.000423044
 2.99128 0.000422949
 2.9913 0.000422756
 2.9913 0.000422704
 2.99133 0.000422468
 2.99133 0.000422458
 2.99135 0.000422211
 2.99136 0.000422178
 2.99138 0.000421963
 2.99139 0.000421888
 2.9914 0.000421715
 2.99141 0.000421596
 2.99143 0.000421466
 2.99144 0.000421303
 2.99145 0.000421216
 2.99147 0.000421009
 2.99148 0.000420966
 2.9915 0.000420714
 2.9915 0.000420714
 2.99152 0.000420462
 2.99153 0.000420418
 2.99155 0.000420209
 2.99156 0.00042012
 2.99157 0.000419955
 2.99159 0.000419822
 2.9916 0.000419701
 2.99162 0.000419522
 2.99162 0.000419446
 2.99164 0.000419222
 2.99165 0.00041919
 2.99167 0.000418933
 2.99167 0.00041892
 2.9917 0.000418676
 2.9917 0.000418617
 2.99172 0.000418417
 2.99173 0.000418313
 2.99175 0.000418158
 2.99176 0.000418007
 2.99177 0.000417898
 2.99179 0.000417701
 2.9918 0.000417638
 2.99182 0.000417393
 2.99182 0.000417376
 2.99185 0.000417114
 2.99185 0.000417085
 2.99187 0.000416851
 2.99188 0.000416775
 2.9919 0.000416587
 2.99191 0.000416464
 2.99192 0.000416323
 2.99194 0.000416152
 2.99195 0.000416057
 2.99197 0.000415838
 2.99197 0.000415791
 2.992 0.000415524
 2.992 0.000415524
 2.99202 0.000415257
 2.99202 0.000415208
 2.99205 0.000414988
 2.99205 0.000414891
 2.99207 0.000414719
 2.99208 0.000414573
 2.9921 0.000414449
 2.99211 0.000414254
 2.99212 0.000414178
 2.99214 0.000413934
 2.99215 0.000413906
 2.99217 0.000413634
 2.99217 0.000413612
 2.9922 0.00041336
 2.9922 0.00041329
 2.99222 0.000413086
 2.99223 0.000412966
 2.99225 0.000412811
 2.99226 0.000412641
 2.99227 0.000412535
 2.99229 0.000412314
 2.9923 0.000412259
 2.99232 0.000411987
 2.99232 0.000411982
 2.99235 0.000411703
 2.99235 0.000411658
 2.99237 0.000411424
 2.99238 0.000411328
 2.9924 0.000411145
 2.99241 0.000410997
 2.99242 0.000410864
 2.99244 0.000410665
 2.99245 0.000410583
 2.99247 0.000410331
 2.99247 0.0004103
 2.9925 0.000410017
 2.9925 0.000409997
 2.99253 0.000409733
 2.99253 0.000409661
 2.99255 0.000409449
 2.99256 0.000409324
 2.99258 0.000409163
 2.99259 0.000408985
 2.9926 0.000408877
 2.99262 0.000408645
 2.99263 0.00040859
 2.99265 0.000408305
 2.99265 0.000408302
 2.99268 0.000408013
 2.99268 0.000407962
 2.9927 0.000407723
 2.99271 0.000407619
 2.99273 0.000407433
 2.99274 0.000407274
 2.99276 0.000407141
 2.99278 0.000406929
 2.99278 0.000406849
 2.99281 0.000406582
 2.99281 0.000406556
 2.99283 0.000406262
 2.99284 0.000406233
 2.99286 0.000405967
 2.99287 0.000405884
 2.99289 0.000405672
 2.9929 0.000405533
 2.99291 0.000405375
 2.99293 0.000405181
 2.99294 0.000405078
 2.99296 0.000404827
 2.99296 0.00040478
 2.99299 0.000404481
 2.99299 0.000404473
 2.99301 0.000404181
 2.99302 0.000404117
 2.99304 0.000403881
 2.99305 0.000403759
 2.99307 0.000403579
 2.99308 0.000403401
 2.99309 0.000403277
 2.99311 0.000403041
 2.99312 0.000402974
 2.99314 0.00040268
 2.99315 0.00040267
 2.99317 0.000402365
 2.99318 0.000402318
 2.9932 0.000402059
 2.99321 0.000401954
 2.99322 0.000401752
 2.99324 0.000401589
 2.99325 0.000401445
 2.99327 0.000401223
 2.99328 0.000401136
 2.9933 0.000400855
 2.9933 0.000400827
 2.99333 0.000400517
 2.99333 0.000400486
 2.99335 0.000400206
 2.99336 0.000400116
 2.99338 0.000399894
 2.99339 0.000399745
 2.99341 0.000399581
 2.99343 0.000399372
 2.99343 0.000399268
 2.99346 0.000398998
 2.99346 0.000398953
 2.99349 0.000398638
 2.99349 0.000398622
 2.99351 0.000398321
 2.99352 0.000398246
 2.99354 0.000398004
 2.99355 0.000397868
 2.99357 0.000397686
 2.99358 0.000397488
 2.99359 0.000397367
 2.99361 0.000397107
 2.99362 0.000397048
 2.99365 0.000396727
 2.99365 0.000396725
 2.99367 0.000396405
 2.99368 0.000396342
 2.9937 0.000396083
 2.99371 0.000395957
 2.99373 0.00039576
 2.99374 0.000395571
 2.99375 0.000395435
 2.99377 0.000395183
 2.99378 0.00039511
 2.9938 0.000394795
 2.99381 0.000394784
 2.99383 0.000394457
 2.99384 0.000394404
 2.99386 0.000394129
 2.99387 0.000394013
 2.99389 0.000393801
 2.9939 0.00039362
 2.99391 0.000393471
 2.99393 0.000393226
 2.99394 0.00039314
 2.99396 0.00039283
 2.99397 0.000392809
 2.99399 0.000392477
 2.994 0.000392433
 2.99402 0.000392143
 2.99403 0.000392034
 2.99405 0.000391809
 2.99406 0.000391635
 2.99407 0.000391474
 2.99409 0.000391233
 2.9941 0.000391138
 2.99413 0.000390831
 2.99413 0.000390801
 2.99415 0.000390463
 2.99416 0.000390427
 2.99418 0.000390124
 2.99419 0.000390021
 2.99421 0.000389785
 2.99422 0.000389614
 2.99424 0.000389444
 2.99425 0.000389206
 2.99426 0.000389103
 2.99429 0.000388797
 2.99429 0.00038876
 2.99432 0.000388417
 2.99432 0.000388386
 2.99434 0.000388072
 2.99435 0.000387973
 2.99437 0.000387727
 2.99439 0.000387559
 2.9944 0.000387381
 2.99442 0.000387144
 2.99443 0.000387034
 2.99445 0.000386727
 2.99445 0.000386686
 2.99448 0.000386337
 2.99448 0.000386309
 2.99451 0.000385987
 2.99452 0.000385889
 2.99454 0.000385636
 2.99455 0.000385468
 2.99456 0.000385284
 2.99458 0.000385046
 2.99459 0.000384932
 2.99461 0.000384622
 2.99462 0.000384578
 2.99465 0.000384223
 2.99465 0.000384197
 2.99467 0.000383868
 2.99468 0.00038377
 2.9947 0.000383511
 2.99471 0.000383342
 2.99473 0.000383154
 2.99475 0.000382912
 2.99476 0.000382795
 2.99478 0.000382481
 2.99478 0.000382436
 2.99481 0.000382076
 2.99481 0.000382048
 2.99484 0.000381714
 2.99485 0.000381614
 2.99487 0.000381352
 2.99488 0.000381178
 2.99489 0.000380989
 2.99491 0.000380741
 2.99492 0.000380625
 2.99495 0.000380303
 2.99495 0.00038026
 2.99498 0.000379894
 2.99498 0.000379862
 2.995 0.000379527
 2.99501 0.000379421
 2.99503 0.000379159
 2.99505 0.000378978
 2.99506 0.00037879
 2.99508 0.000378533
 2.99509 0.00037842
 2.99511 0.000378087
 2.99512 0.000378049
 2.99514 0.000377677
 2.99515 0.00037764
 2.99517 0.000377304
 2.99518 0.000377191
 2.9952 0.00037693
 2.99521 0.00037674
 2.99523 0.000376555
 2.99525 0.000376288
 2.99526 0.000376179
 2.99528 0.000375835
 2.99528 0.000375803
 2.99531 0.000375425
 2.99531 0.000375379
 2.99534 0.000375046
 2.99535 0.000374923
 2.99537 0.000374666
 2.99538 0.000374465
 2.9954 0.000374286
 2.99542 0.000374005
 2.99542 0.000373904
 2.99545 0.000373544
 2.99545 0.000373521
 2.99548 0.000373138
 2.99548 0.000373081
 2.99551 0.000372753
 2.99552 0.000372617
 2.99554 0.000372367
 2.99555 0.000372151
 2.99556 0.00037198
 2.99559 0.000371683
 2.99559 0.000371593
 2.99562 0.000371215
 2.99562 0.000371204
 2.99565 0.000370814
 2.99565 0.000370744
 2.99568 0.000370424
 2.99569 0.000370272
 2.99571 0.000370032
 2.99572 0.000369798
 2.99573 0.000369639
 2.99576 0.000369323
 2.99576 0.000369246
 2.99579 0.000368851
 2.99579 0.000368846
 2.99582 0.000368455
 2.99583 0.000368368
 2.99585 0.000368058
 2.99586 0.000367888
 2.99588 0.000367661
 2.9959 0.000367406
 2.99591 0.000367262
 2.99593 0.000366923
 2.99593 0.000366862
 2.99596 0.000366461
 2.99596 0.000366439
 2.99599 0.000366059
 2.996 0.000365952
 2.99602 0.000365656
 2.99603 0.000365464
 2.99605 0.000365253
 2.99607 0.000364975
 2.99608 0.000364848
 2.9961 0.000364484
 2.99611 0.000364442
 2.99613 0.000364035
 2.99614 0.000363991
 2.99616 0.000363627
 2.99617 0.000363497
 2.99619 0.000363218
 2.99621 0.000363001
 2.99622 0.000362808
 2.99624 0.000362503
 2.99625 0.000362397
 2.99628 0.000362004
 2.99628 0.000361984
 2.99631 0.000361571
 2.99631 0.000361503
 2.99634 0.000361157
 2.99635 0.000361
 2.99637 0.000360742
 2.99638 0.000360496
 2.99639 0.000360325
 2.99642 0.000359991
 2.99642 0.000359908
 2.99645 0.00035949
 2.99645 0.000359483
 2.99648 0.00035907
 2.99649 0.000358974
 2.99651 0.00035865
 2.99652 0.000358463
 2.99654 0.000358228
 2.99656 0.000357951
 2.99657 0.000357806
 2.99659 0.000357437
 2.9966 0.000357382
 2.99663 0.000356957
 2.99663 0.000356921
 2.99666 0.000356531
 2.99666 0.000356404
 2.99668 0.000356105
 2.9967 0.000355885
 2.99671 0.000355677
 2.99674 0.000355364
 2.99674 0.000355248
 2.99677 0.000354842
 2.99677 0.000354818
 2.9968 0.000354387
 2.99681 0.000354318
 2.99683 0.000353954
 2.99684 0.000353792
 2.99686 0.000353521
 2.99688 0.000353264
 2.99689 0.000353087
 2.99691 0.000352735
 2.99692 0.000352652
 2.99695 0.000352215
 2.99695 0.000352204
 2.99698 0.000351778
 2.99698 0.000351672
 2.99701 0.000351339
 2.99702 0.000351137
 2.99704 0.000350899
 2.99706 0.000350601
 2.99707 0.000350459
 2.99709 0.000350064
 2.9971 0.000350017
 2.99713 0.000349574
 2.99713 0.000349524
 2.99715 0.00034913
 2.99716 0.000348983
 2.99718 0.000348685
 2.9972 0.00034844
 2.99721 0.000348239
 2.99724 0.000347895
 2.99724 0.000347791
 2.99727 0.000347349
 2.99727 0.000347343
 2.9973 0.000346893
 2.99731 0.000346801
 2.99733 0.000346443
 2.99735 0.000346251
 2.99736 0.000345991
 2.99738 0.000345699
 2.99739 0.000345538
 2.99742 0.000345146
 2.99742 0.000345085
 2.99745 0.00034463
 2.99745 0.000344591
 2.99748 0.000344174
 2.99749 0.000344034
 2.99751 0.000343716
 2.99753 0.000343475
 2.99754 0.000343258
 2.99756 0.000342915
 2.99757 0.000342799
 2.9976 0.000342353
 2.9976 0.000342338
 2.99763 0.000341877
 2.99764 0.000341789
 2.99766 0.000341414
 2.99767 0.000341223
 2.99769 0.00034095
 2.99771 0.000340656
 2.99772 0.000340485
 2.99775 0.000340086
 2.99775 0.000340019
 2.99778 0.000339552
 2.99778 0.000339515
 2.99781 0.000339084
 2.99782 0.000338942
 2.99784 0.000338614
 2.99786 0.000338367
 2.99787 0.000338144
 2.99789 0.000337791
 2.9979 0.000337672
 2.99793 0.000337213
 2.99793 0.000337199
 2.99796 0.000336725
 2.99797 0.000336632
 2.99799 0.00033625
 2.998 0.00033605
 2.99802 0.000335774
 2.99804 0.000335467
 2.99805 0.000335297
 2.99808 0.000334881
 2.99808 0.000334818
 2.99811 0.000334338
 2.99812 0.000334294
 2.99814 0.000333858
 2.99815 0.000333704
 2.99817 0.000333376
 2.99819 0.000333113
 2.9982 0.000332893
 2.99823 0.00033252
 2.99823 0.000332409
 2.99826 0.000331925
 2.99826 0.000331923
 2.99829 0.000331437
 2.9983 0.000331329
 2.99833 0.000330949
 2.99834 0.00033073
 2.99836 0.00033046
 2.99838 0.00033013
 2.99839 0.00032997
 2.99841 0.000329528
 2.99842 0.000329479
 2.99845 0.000328987
 2.99845 0.000328923
 2.99848 0.000328494
 2.99849 0.000328317
 2.99851 0.000327999
 2.99853 0.000327709
 2.99854 0.000327503
 2.99856 0.0003271
 2.99857 0.000327006
 2.9986 0.000326508
 2.9986 0.000326488
 2.99863 0.000326009
 2.99864 0.000325875
 2.99866 0.000325509
 2.99868 0.000325259
 2.99869 0.000325007
 2.99871 0.000324642
 2.99872 0.000324504
 2.99875 0.000324023
 2.99875 0.000324001
 2.99878 0.000323495
 2.99879 0.000323401
 2.99882 0.000322989
 2.99883 0.000322778
 2.99885 0.000322482
 2.99887 0.000322153
 2.99888 0.000321973
 2.9989 0.000321527
 2.99891 0.000321463
 2.99894 0.000320952
 2.99894 0.000320898
 2.99897 0.00032044
 2.99898 0.000320267
 2.999 0.000319927
 2.99902 0.000319634
 2.99903 0.000319412
 2.99906 0.000319
 2.99906 0.000318897
 2.99909 0.00031838
 2.9991 0.000318363
 2.99913 0.000317862
 2.99913 0.000317725
 2.99916 0.000317342
 2.99917 0.000317084
 2.99919 0.000316822
 2.99921 0.000316442
 2.99922 0.0003163
 2.99925 0.000315797
 2.99925 0.000315777
 2.99928 0.000315253
 2.99929 0.000315151
 2.99931 0.000314728
 2.99933 0.000314503
 2.99934 0.000314201
 2.99936 0.000313853
 2.99937 0.000313674
 2.9994 0.0003132
 2.99941 0.000313145
 2.99944 0.000312614
 2.99944 0.000312546
 2.99947 0.000312083
 2.99948 0.00031189
 2.9995 0.000311551
 2.99952 0.000311232
 2.99953 0.000311017
 2.99956 0.000310571
 2.99956 0.000310482
 2.99959 0.000309946
 2.9996 0.000309909
 2.99963 0.000309408
 2.99963 0.000309245
 2.99966 0.000308869
 2.99967 0.000308579
 2.99969 0.00030833
 2.99971 0.000307911
 2.99972 0.000307789
 2.99975 0.000307246
 2.99975 0.00030724
 2.99978 0.000306703
 2.99979 0.000306568
 2.99981 0.000306158
 2.99983 0.000305894
 2.99985 0.000305612
 2.99987 0.000305218
 2.99988 0.000305065
 2.99991 0.000304539
 2.99991 0.000304516
 2.99994 0.000303966
 2.99995 0.000303859
 2.99997 0.000303415
 2.99999 0.000303177
 3 0.000302863
 3.00003 0.000302492
 3.00004 0.00030231
 3.00006 0.000301806
 3.00007 0.000301755
 3.0001 0.000301199
 3.0001 0.000301117
 3.00013 0.000300642
 3.00014 0.000300426
 3.00016 0.000300084
 3.00018 0.000299734
 3.0002 0.000299524
 3.00022 0.000299039
 3.00023 0.000298963
 3.00026 0.000298401
 3.00026 0.000298342
 3.00029 0.000297837
 3.0003 0.000297643
 3.00032 0.000297273
 3.00034 0.000296942
 3.00035 0.000296707
 3.00038 0.000296239
 3.00039 0.000296139
 3.00042 0.000295571
 3.00042 0.000295534
 3.00045 0.000295001
 3.00046 0.000294827
 3.00048 0.00029443
 3.0005 0.000294117
 3.00051 0.000293858
 3.00054 0.000293406
 3.00055 0.000293284
 3.00058 0.00029271
 3.00058 0.000292692
 3.00061 0.000292134
 3.00062 0.000291977
 3.00064 0.000291556
 3.00066 0.000291259
 3.00068 0.000290978
 3.0007 0.000290539
 3.00071 0.000290398
 3.00074 0.000289817
 3.00074 0.000289816
 3.00077 0.000289234
 3.00078 0.000289093
 3.0008 0.00028865
 3.00082 0.000288366
 3.00084 0.000288065
 3.00086 0.000287638
 3.00087 0.000287479
 3.0009 0.000286907
 3.0009 0.000286891
 3.00093 0.000286302
 3.00094 0.000286174
 3.00097 0.000285712
 3.00098 0.000285439
 3.001 0.000285121
 3.00102 0.000284702
 3.00103 0.000284528
 3.00106 0.000283963
 3.00106 0.000283934
 3.0011 0.000283338
 3.0011 0.000283222
 3.00113 0.000282742
 3.00114 0.000282478
 3.00116 0.000282144
 3.00118 0.000281732
 3.00119 0.000281545
 3.00122 0.000280984
 3.00123 0.000280944
 3.00126 0.000280342
 3.00126 0.000280234
 3.00129 0.000279739
 3.00131 0.000279482
 3.00132 0.000279134
 3.00135 0.000278727
 3.00136 0.000278529
 3.00139 0.00027797
 3.00139 0.000277921
 3.00142 0.000277313
 3.00143 0.000277212
 3.00145 0.000276703
 3.00147 0.00027645
 3.00149 0.000276092
 3.00151 0.000275687
 3.00152 0.00027548
 3.00155 0.000274921
 3.00155 0.000274866
 3.00159 0.000274251
 3.00159 0.000274154
 3.00162 0.000273635
 3.00163 0.000273383
 3.00165 0.000273017
 3.00167 0.000272611
 3.00168 0.000272398
 3.00171 0.000271837
 3.00172 0.000271778
 3.00175 0.000271156
 3.00176 0.00027106
 3.00178 0.000270533
 3.0018 0.000270281
 3.00182 0.000269908
 3.00184 0.0002695
 3.00185 0.000269283
 3.00188 0.000268716
 3.00188 0.000268656
 3.00192 0.000268027
 3.00192 0.00026793
 3.00195 0.000267398
 3.00196 0.000267142
 3.00198 0.000266767
 3.002 0.000266352
 3.00201 0.000266134
 3.00204 0.000265559
 3.00205 0.0002655
 3.00208 0.000264865
 3.00209 0.000264764
 3.00211 0.000264229
 3.00213 0.000263967
 3.00215 0.000263591
 3.00217 0.000263168
 3.00218 0.000262952
 3.00221 0.000262366
 3.00221 0.000262311
 3.00225 0.000261669
 3.00225 0.000261562
 3.00228 0.000261026
 3.00229 0.000260755
 3.00231 0.000260382
 3.00234 0.000259947
 3.00235 0.000259736
 3.00238 0.000259136
 3.00238 0.000259088
 3.00241 0.00025844
 3.00242 0.000258322
 3.00245 0.00025779
 3.00246 0.000257507
 3.00248 0.000257138
 3.0025 0.000256689
 3.00251 0.000256485
 3.00255 0.000255868
 3.00255 0.000255831
 3.00258 0.000255176
 3.00259 0.000255046
 3.00261 0.000254519
 3.00263 0.000254221
 3.00265 0.00025386
 3.00267 0.000253393
 3.00268 0.000253201
 3.00271 0.000252564
 3.00272 0.00025254
 3.00275 0.000251877
 3.00276 0.000251731
 3.00278 0.000251213
 3.0028 0.000250897
 3.00282 0.000250548
 3.00284 0.00025006
 3.00285 0.000249882
 3.00288 0.000249221
 3.00288 0.000249214
 3.00292 0.000248544
 3.00293 0.000248379
 3.00295 0.000247873
 3.00297 0.000247535
 3.00298 0.000247201
 3.00301 0.000246689
 3.00302 0.000246528
 3.00305 0.000245853
 3.00305 0.00024584
 3.00309 0.000245176
 3.0031 0.000244989
 3.00312 0.000244498
 3.00314 0.000244136
 3.00315 0.000243819
 3.00318 0.00024328
 3.00319 0.000243139
 3.00322 0.000242457
 3.00322 0.000242421
 3.00326 0.000241773
 3.00327 0.000241561
 3.00329 0.000241088
 3.00331 0.000240697
 3.00332 0.000240402
 3.00335 0.000239832
 3.00336 0.000239715
 3.00339 0.000239025
 3.00339 0.000238964
 3.00343 0.000238335
 3.00344 0.000238093
 3.00346 0.000237643
 3.00348 0.00023722
 3.00349 0.00023695
 3.00352 0.000236345
 3.00353 0.000236255
 3.00356 0.000235559
 3.00357 0.000235467
 3.0036 0.000234861
 3.00361 0.000234587
 3.00363 0.000234162
 3.00365 0.000233704
 3.00366 0.000233462
 3.0037 0.000232819
 3.0037 0.00023276
 3.00373 0.000232056
 3.00374 0.000231931
 3.00377 0.000231352
 3.00378 0.000231041
 3.0038 0.000230645
 3.00383 0.000230148
 3.00384 0.000229938
 3.00387 0.000229253
 3.00387 0.000229229
 3.0039 0.000228518
 3.00391 0.000228355
 3.00394 0.000227806
 3.00396 0.000227455
 3.00397 0.000227093
 3.004 0.000226552
 3.00401 0.000226378
 3.00404 0.000225662
 3.00404 0.000225647
 3.00408 0.000224944
 3.00409 0.000224739
 3.00411 0.000224225
 3.00413 0.000223829
 3.00415 0.000223504
 3.00417 0.000222917
 3.00418 0.000222782
 3.00422 0.000222058
 3.00422 0.000222001
 3.00425 0.000221333
 3.00426 0.000221083
 3.00428 0.000220607
 3.00431 0.000220163
 3.00432 0.000219879
 3.00435 0.00021924
 3.00435 0.000219149
 3.00439 0.000218418
 3.00439 0.000218315
 3.00442 0.000217686
 3.00444 0.000217387
 3.00446 0.000216952
 3.00448 0.000216456
 3.00449 0.000216217
 3.00453 0.000215523
 3.00453 0.00021548
 3.00456 0.000214742
 3.00457 0.000214587
 3.0046 0.000214002
 3.00461 0.000213649
 3.00463 0.000213261
 3.00466 0.000212708
 3.00467 0.000212518
 3.0047 0.000211774
 3.0047 0.000211765
 3.00474 0.000211028
 3.00475 0.000210819
 3.00477 0.000210281
 3.00479 0.00020987
 3.00481 0.000209532
 3.00483 0.000208919
 3.00484 0.000208782
 3.00488 0.00020803
 3.00488 0.000207965
 3.00491 0.000207277
 3.00492 0.000207009
 3.00495 0.000206523
 3.00497 0.00020605
 3.00498 0.000205766
 3.00501 0.000205088
 3.00502 0.000205009
 3.00505 0.00020425
 3.00506 0.000204124
 3.00509 0.000203489
 3.0051 0.000203157
 3.00512 0.000202727
 3.00515 0.000202187
 3.00516 0.000201963
 3.00519 0.000201215
 3.00519 0.000201198
 3.00523 0.000200431
 3.00524 0.00020024
 3.00526 0.000199663
 3.00528 0.000199262
 3.0053 0.000198894
 3.00533 0.000198282
 3.00533 0.000198122
 3.00537 0.00019735
 3.00537 0.000197299
 3.0054 0.000196575
 3.00542 0.000196314
 3.00544 0.0001958
 3.00546 0.000195326
 3.00547 0.000195022
 3.00551 0.000194335
 3.00551 0.000194244
 3.00555 0.000193463
 3.00555 0.000193341
 3.00558 0.000192681
 3.0056 0.000192345
 3.00562 0.000191898
 3.00564 0.000191346
 3.00565 0.000191113
 3.00569 0.000190344
 3.00569 0.000190327
 3.00572 0.000189539
 3.00573 0.00018934
 3.00576 0.000188749
 3.00578 0.000188333
 3.00579 0.000187958
 3.00582 0.000187323
 3.00583 0.000187165
 3.00586 0.000186371
 3.00587 0.00018631
 3.0059 0.000185576
 3.00591 0.000185295
 3.00594 0.000184778
 3.00596 0.000184277
 3.00597 0.00018398
 3.006 0.000183256
 3.00601 0.000183179
 3.00604 0.000182377
 3.00605 0.000182233
 3.00608 0.000181574
 3.0061 0.000181207
 3.00611 0.000180769
 3.00614 0.000180178
 3.00615 0.000179962
 3.00619 0.000179154
 3.00619 0.000179146
 3.00622 0.000178345
 3.00623 0.000178112
 3.00626 0.000177533
 3.00628 0.000177074
 3.00629 0.000176721
 3.00632 0.000176034
 3.00633 0.000175906
 3.00637 0.00017509
 3.00637 0.000174991
 3.0064 0.000174273
 3.00642 0.000173946
 3.00644 0.000173454
 3.00646 0.000172897
 3.00647 0.000172633
 3.00651 0.000171846
 3.00651 0.000171811
 3.00655 0.000170987
 3.00655 0.000170792
 3.00658 0.000170162
 3.0066 0.000169735
 3.00662 0.000169335
 3.00665 0.000168676
 3.00665 0.000168507
 3.00669 0.000167676
 3.00669 0.000167613
 3.00673 0.000166845
 3.00674 0.000166548
 3.00676 0.000166012
 3.00679 0.00016548
 3.0068 0.000165177
 3.00683 0.000164409
 3.00683 0.00016434
 3.00687 0.000163502
 3.00688 0.000163335
 3.00691 0.000162663
 3.00692 0.000162258
 3.00694 0.000161821
 3.00697 0.000161179
 3.00698 0.000160979
 3.00702 0.000160134
 3.00702 0.000160096
 3.00705 0.000159288
 3.00706 0.000159011
 3.00709 0.000158441
 3.00711 0.000157923
 3.00712 0.000157591
 3.00716 0.000156832
 3.00716 0.000156741
 3.0072 0.000155888
 3.0072 0.000155738
 3.00723 0.000155034
 3.00725 0.000154641
 3.00727 0.000154178
 3.0073 0.000153542
 3.00731 0.000153321
 3.00734 0.000152462
 3.00734 0.000152439
 3.00738 0.000151602
 3.00739 0.000151334
 3.00742 0.00015074
 3.00744 0.000150225
 3.00745 0.000149876
 3.00749 0.000149114
 3.00749 0.000149011
 3.00753 0.000148144
 3.00753 0.000148
 3.00756 0.000147275
 3.00758 0.000146883
 3.0076 0.000146405
 3.00763 0.000145763
 3.00764 0.000145533
 3.00767 0.00014466
 3.00767 0.00014464
 3.00771 0.000143784
 3.00772 0.000143514
 3.00775 0.000142908
 3.00777 0.000142385
 3.00778 0.000142029
 3.00782 0.000141253
 3.00782 0.000141149
 3.00786 0.000140268
 3.00786 0.000140118
 3.00789 0.000139384
 3.00791 0.00013898
 3.00793 0.000138499
 3.00796 0.00013784
 3.00797 0.000137613
 3.008 0.000136725
 3.00801 0.000136696
 3.00804 0.000135835
 3.00805 0.000135549
 3.00808 0.000134943
 3.0081 0.000134399
 3.00811 0.00013405
 3.00815 0.000133247
 3.00815 0.000133155
 3.00819 0.000132259
 3.0082 0.000132091
 3.00823 0.00013136
 3.00824 0.000130932
 3.00826 0.000130461
 3.00829 0.000129771
 3.0083 0.000129559
 3.00834 0.000128656
 3.00834 0.000128606
 3.00837 0.000127751
 3.00839 0.000127438
 3.00841 0.000126845
 3.00843 0.000126267
 3.00845 0.000125937
 3.00848 0.000125094
 3.00849 0.000125027
 3.00852 0.000124115
 3.00853 0.000123917
 3.00856 0.000123202
 3.00858 0.000122737
 3.0086 0.000122287
 3.00863 0.000121554
 3.00863 0.000121371
 3.00867 0.000120453
 3.00868 0.000120368
 3.00871 0.000119533
 3.00872 0.000119179
 3.00875 0.000118611
 3.00877 0.000117987
 3.00878 0.000117688
 3.00882 0.000116791
 3.00882 0.000116763
 3.00886 0.000115836
 3.00887 0.000115593
 3.0089 0.000114908
 3.00892 0.000114392
 3.00893 0.000113978
 3.00897 0.000113187
 3.00897 0.000113047
 3.00901 0.000112113
 3.00901 0.00011198
 3.00905 0.000111178
 3.00906 0.000110769
 3.00908 0.000110241
 3.00911 0.000109555
 3.00912 0.000109303
 3.00916 0.000108363
 3.00916 0.000108338
 3.0092 0.000107421
 3.00921 0.000107118
 3.00923 0.000106477
 3.00926 0.000105895
 3.00927 0.000105532
 3.00931 0.000104669
 3.00931 0.000104585
 3.00935 0.000103636
 3.00935 0.000103439
 3.00938 0.000102686
 3.0094 0.000102207
 3.00942 0.000101734
 3.00945 0.000100971
 3.00946 0.00010078
 3.0095 9.98242e-05
 3.0095 9.97321e-05
 3.00954 9.88669e-05
 3.00955 9.84901e-05
 3.00957 9.79079e-05
 3.0096 9.72449e-05
 3.00961 9.69471e-05
 3.00965 9.59965e-05
 3.00965 9.59847e-05
 3.00969 9.50205e-05
 3.0097 9.47449e-05
 3.00972 9.40545e-05
 3.00975 9.34901e-05
 3.00976 9.30869e-05
 3.0098 9.22322e-05
 3.0098 9.21175e-05
 3.00984 9.11464e-05
 3.00984 9.0971e-05
 3.00988 9.01735e-05
 3.00989 8.97067e-05
 3.00991 8.91989e-05
 3.00994 8.84391e-05
 3.00995 8.82226e-05
 3.00999 8.72445e-05
 3.00999 8.71683e-05
 3.01003 8.62646e-05
 3.01004 8.58943e-05
 3.01007 8.52831e-05
 3.01009 8.46171e-05
 3.0101 8.42997e-05
 3.01014 8.33366e-05
 3.01014 8.33147e-05
 3.01018 8.23279e-05
 3.01019 8.20529e-05
 3.01022 8.13393e-05
 3.01024 8.0766e-05
 3.01026 8.0349e-05
 3.01029 7.94757e-05
 3.01029 7.93569e-05
 3.01033 7.8363e-05
 3.01034 7.81823e-05
 3.01037 7.73674e-05
 3.01039 7.68856e-05
 3.01041 7.63701e-05
 3.01044 7.55855e-05
 3.01045 7.53709e-05
 3.01049 7.437e-05
 3.01049 7.42823e-05
 3.01052 7.33674e-05
 3.01054 7.29757e-05
 3.01056 7.23629e-05
 3.01059 7.16659e-05
 3.0106 7.13567e-05
 3.01064 7.03527e-05
 3.01064 7.03487e-05
 3.01068 6.9339e-05
 3.01069 6.90363e-05
 3.01072 6.83275e-05
 3.01074 6.77165e-05
 3.01075 6.73142e-05
 3.01079 6.63934e-05
 3.01079 6.62991e-05
 3.01083 6.52822e-05
 3.01084 6.50671e-05
 3.01087 6.42636e-05
 3.01089 6.37373e-05
 3.01091 6.32431e-05
 3.01094 6.24043e-05
 3.01095 6.22209e-05
 3.01099 6.11969e-05
 3.01099 6.10679e-05
 3.01102 6.01711e-05
 3.01104 5.97282e-05
 3.01106 5.91435e-05
 3.01109 5.83851e-05
 3.0111 5.81141e-05
 3.01114 5.70829e-05
 3.01114 5.70387e-05
 3.01118 5.60499e-05
 3.01119 5.56889e-05
 3.01122 5.50151e-05
 3.01124 5.43358e-05
 3.01126 5.39785e-05
 3.01129 5.29792e-05
 3.0113 5.29401e-05
 3.01133 5.18999e-05
 3.01134 5.16193e-05
 3.01137 5.08579e-05
 3.0114 5.0256e-05
 3.01141 4.98141e-05
 3.01145 4.88893e-05
 3.01145 4.87685e-05
 3.01149 4.7721e-05
 3.0115 4.75192e-05
 3.01153 4.66718e-05
 3.01155 4.61457e-05
 3.01157 4.56207e-05
 3.0116 4.47688e-05
 3.01161 4.45678e-05
 3.01164 4.35131e-05
 3.01165 4.33885e-05
 3.01168 4.24566e-05
 3.0117 4.20047e-05
 3.01172 4.13982e-05
 3.01175 4.06175e-05
 3.01176 4.0338e-05
 3.0118 3.9276e-05
 3.0118 3.92269e-05
 3.01184 3.82122e-05
 3.01185 3.78329e-05
 3.01188 3.71465e-05
 3.0119 3.64354e-05
 3.01192 3.6079e-05
 3.01196 3.50344e-05
 3.01196 3.50097e-05
 3.012 3.39385e-05
 3.01201 3.363e-05
 3.01204 3.28655e-05
 3.01206 3.22221e-05
 3.01207 3.17906e-05
 3.01211 3.08107e-05
 3.01211 3.07139e-05
 3.01215 2.96354e-05
 3.01216 2.93959e-05
 3.01219 2.8555e-05
 3.01221 2.79775e-05
 3.01223 2.74728e-05
 3.01226 2.65557e-05
 3.01227 2.63887e-05
 3.01231 2.53028e-05
 3.01232 2.51304e-05
 3.01235 2.4215e-05
 3.01237 2.37015e-05
 3.01239 2.31254e-05
 3.01242 2.22692e-05
 3.01243 2.20339e-05
 3.01247 2.09405e-05
 3.01247 2.08333e-05
 3.01251 1.98453e-05
 3.01252 1.93939e-05
 3.01255 1.87482e-05
 3.01257 1.7951e-05
 3.01259 1.76493e-05
 3.01263 1.65485e-05
 3.01263 1.65046e-05
 3.01266 1.54458e-05
 3.01268 1.50546e-05
 3.0127 1.43412e-05
 3.01273 1.3601e-05
 3.01274 1.32348e-05
 3.01278 1.21439e-05
 3.01278 1.21265e-05
 3.01282 1.10164e-05
 3.01283 1.06832e-05
 3.01286 9.90433e-06
 3.01289 9.21901e-06
 3.0129 8.79041e-06
 3.01294 7.7512e-06
 3.01294 7.67461e-06
 3.01298 6.55693e-06
 3.01299 6.2798e-06
 3.01302 5.43736e-06
 3.01304 4.80482e-06
 3.01306 4.31591e-06
 3.0131 3.32624e-06
 3.0131 3.19257e-06
 3.01314 2.06734e-06
 3.01315 1.84407e-06
 3.01318 9.40221e-07
 3.0132 3.58279e-07
 3.01353 0
 3.8 0
