 0.641 0
 2.81188 0
 2.8122 0.000817899
 2.8122 0.000817899
 2.8122 0.000817899
 2.8122 0.000817899
 2.8122 0.000817899
 2.8122 0.000817899
 2.8122 0.000817899
 2.8122 0.000817899
 2.8122 0.000817899
 2.8122 0.000817898
 2.8122 0.000817898
 2.8122 0.000817898
 2.8122 0.000817898
 2.8122 0.000817897
 2.8122 0.000817897
 2.8122 0.000817897
 2.8122 0.000817897
 2.8122 0.000817896
 2.8122 0.000817896
 2.8122 0.000817896
 2.8122 0.000817896
 2.8122 0.000817895
 2.8122 0.000817895
 2.8122 0.000817894
 2.8122 0.000817894
 2.8122 0.000817893
 2.8122 0.000817893
 2.8122 0.000817892
 2.8122 0.000817892
 2.8122 0.000817891
 2.8122 0.000817891
 2.8122 0.00081789
 2.8122 0.00081789
 2.8122 0.000817889
 2.8122 0.000817889
 2.8122 0.000817888
 2.8122 0.000817888
 2.8122 0.000817886
 2.8122 0.000817886
 2.8122 0.000817885
 2.8122 0.000817885
 2.8122 0.000817884
 2.8122 0.000817883
 2.8122 0.000817882
 2.8122 0.000817882
 2.81221 0.000817881
 2.81221 0.00081788
 2.81221 0.000817879
 2.81221 0.000817879
 2.81221 0.000817877
 2.81221 0.000817877
 2.81221 0.000817875
 2.81221 0.000817875
 2.81221 0.000817873
 2.81221 0.000817873
 2.81221 0.000817872
 2.81221 0.000817871
 2.81221 0.00081787
 2.81221 0.000817869
 2.81221 0.000817867
 2.81221 0.000817867
 2.81221 0.000817865
 2.81221 0.000817865
 2.81221 0.000817863
 2.81221 0.000817863
 2.81221 0.000817861
 2.81221 0.00081786
 2.81221 0.000817858
 2.81222 0.000817858
 2.81222 0.000817856
 2.81222 0.000817855
 2.81222 0.000817853
 2.81222 0.000817853
 2.81222 0.000817851
 2.81222 0.00081785
 2.81222 0.000817848
 2.81222 0.000817847
 2.81222 0.000817845
 2.81222 0.000817845
 2.81222 0.000817843
 2.81222 0.000817842
 2.81222 0.00081784
 2.81222 0.000817839
 2.81222 0.000817837
 2.81222 0.000817836
 2.81223 0.000817834
 2.81223 0.000817833
 2.81223 0.000817831
 2.81223 0.00081783
 2.81223 0.000817827
 2.81223 0.000817826
 2.81223 0.000817824
 2.81223 0.000817823
 2.81223 0.000817821
 2.81223 0.00081782
 2.81223 0.000817817
 2.81223 0.000817816
 2.81223 0.000817814
 2.81223 0.000817813
 2.81224 0.00081781
 2.81224 0.000817809
 2.81224 0.000817807
 2.81224 0.000817805
 2.81224 0.000817803
 2.81224 0.000817802
 2.81224 0.000817799
 2.81224 0.000817798
 2.81224 0.000817795
 2.81224 0.000817794
 2.81224 0.000817791
 2.81224 0.00081779
 2.81225 0.000817787
 2.81225 0.000817786
 2.81225 0.000817783
 2.81225 0.000817782
 2.81225 0.000817779
 2.81225 0.000817777
 2.81225 0.000817775
 2.81225 0.000817773
 2.81225 0.000817771
 2.81225 0.000817769
 2.81225 0.000817766
 2.81225 0.000817764
 2.81226 0.000817762
 2.81226 0.00081776
 2.81226 0.000817757
 2.81226 0.000817755
 2.81226 0.000817753
 2.81226 0.00081775
 2.81226 0.000817748
 2.81226 0.000817746
 2.81226 0.000817743
 2.81226 0.000817741
 2.81227 0.000817738
 2.81227 0.000817736
 2.81227 0.000817733
 2.81227 0.000817731
 2.81227 0.000817728
 2.81227 0.000817726
 2.81227 0.000817723
 2.81227 0.00081772
 2.81227 0.000817718
 2.81228 0.000817715
 2.81228 0.000817713
 2.81228 0.00081771
 2.81228 0.000817708
 2.81228 0.000817704
 2.81228 0.000817702
 2.81228 0.000817699
 2.81228 0.000817697
 2.81228 0.000817693
 2.81229 0.000817691
 2.81229 0.000817687
 2.81229 0.000817685
 2.81229 0.000817682
 2.81229 0.00081768
 2.81229 0.000817676
 2.81229 0.000817674
 2.81229 0.00081767
 2.81229 0.000817668
 2.8123 0.000817664
 2.8123 0.000817662
 2.8123 0.000817658
 2.8123 0.000817656
 2.8123 0.000817651
 2.8123 0.00081765
 2.8123 0.000817645
 2.8123 0.000817644
 2.81231 0.000817639
 2.81231 0.000817637
 2.81231 0.000817632
 2.81231 0.000817631
 2.81231 0.000817626
 2.81231 0.000817625
 2.81231 0.000817619
 2.81232 0.000817618
 2.81232 0.000817612
 2.81232 0.000817611
 2.81232 0.000817605
 2.81232 0.000817605
 2.81232 0.000817598
 2.81232 0.000817598
 2.81233 0.000817591
 2.81233 0.000817591
 2.81233 0.000817584
 2.81233 0.000817584
 2.81233 0.000817577
 2.81233 0.000817577
 2.81233 0.00081757
 2.81233 0.00081757
 2.81234 0.000817562
 2.81234 0.000817562
 2.81234 0.000817555
 2.81234 0.000817555
 2.81234 0.000817548
 2.81234 0.000817547
 2.81235 0.00081754
 2.81235 0.00081754
 2.81235 0.000817533
 2.81235 0.000817532
 2.81235 0.000817525
 2.81235 0.000817524
 2.81236 0.000817517
 2.81236 0.000817516
 2.81236 0.000817509
 2.81236 0.000817508
 2.81236 0.000817501
 2.81236 0.0008175
 2.81237 0.000817493
 2.81237 0.000817492
 2.81237 0.000817485
 2.81237 0.000817484
 2.81237 0.000817477
 2.81237 0.000817475
 2.81237 0.000817469
 2.81238 0.000817467
 2.81238 0.00081746
 2.81238 0.000817458
 2.81238 0.000817452
 2.81238 0.000817449
 2.81238 0.000817443
 2.81239 0.000817441
 2.81239 0.000817434
 2.81239 0.000817432
 2.81239 0.000817426
 2.81239 0.000817423
 2.81239 0.000817417
 2.8124 0.000817414
 2.8124 0.000817408
 2.8124 0.000817404
 2.8124 0.000817399
 2.8124 0.000817395
 2.81241 0.00081739
 2.81241 0.000817386
 2.81241 0.00081738
 2.81241 0.000817376
 2.81241 0.000817371
 2.81241 0.000817367
 2.81242 0.000817362
 2.81242 0.000817357
 2.81242 0.000817352
 2.81242 0.000817347
 2.81242 0.000817342
 2.81243 0.000817337
 2.81243 0.000817333
 2.81243 0.000817327
 2.81243 0.000817323
 2.81243 0.000817317
 2.81243 0.000817313
 2.81244 0.000817307
 2.81244 0.000817303
 2.81244 0.000817296
 2.81244 0.000817293
 2.81244 0.000817286
 2.81245 0.000817283
 2.81245 0.000817275
 2.81245 0.000817272
 2.81245 0.000817265
 2.81245 0.000817262
 2.81246 0.000817254
 2.81246 0.000817251
 2.81246 0.000817243
 2.81246 0.000817241
 2.81247 0.000817232
 2.81247 0.00081723
 2.81247 0.000817221
 2.81247 0.000817219
 2.81247 0.00081721
 2.81247 0.000817208
 2.81248 0.000817198
 2.81248 0.000817197
 2.81248 0.000817187
 2.81248 0.000817186
 2.81249 0.000817175
 2.81249 0.000817175
 2.81249 0.000817164
 2.81249 0.000817163
 2.81249 0.000817152
 2.81249 0.000817152
 2.8125 0.00081714
 2.8125 0.00081714
 2.8125 0.000817129
 2.8125 0.000817128
 2.81251 0.000817117
 2.81251 0.000817116
 2.81251 0.000817105
 2.81251 0.000817104
 2.81252 0.000817093
 2.81252 0.000817091
 2.81252 0.000817081
 2.81252 0.000817079
 2.81253 0.000817069
 2.81253 0.000817066
 2.81253 0.000817056
 2.81253 0.000817054
 2.81253 0.000817044
 2.81254 0.000817041
 2.81254 0.000817031
 2.81254 0.000817028
 2.81254 0.000817019
 2.81254 0.000817015
 2.81255 0.000817006
 2.81255 0.000817002
 2.81255 0.000816993
 2.81255 0.000816988
 2.81256 0.00081698
 2.81256 0.000816975
 2.81256 0.000816967
 2.81256 0.000816961
 2.81257 0.000816954
 2.81257 0.000816947
 2.81257 0.00081694
 2.81257 0.000816934
 2.81258 0.000816927
 2.81258 0.00081692
 2.81258 0.000816913
 2.81258 0.000816906
 2.81259 0.000816899
 2.81259 0.000816891
 2.81259 0.000816886
 2.81259 0.000816877
 2.81259 0.000816872
 2.8126 0.000816863
 2.8126 0.000816858
 2.8126 0.000816848
 2.8126 0.000816843
 2.81261 0.000816833
 2.81261 0.000816829
 2.81261 0.000816818
 2.81261 0.000816815
 2.81262 0.000816803
 2.81262 0.0008168
 2.81262 0.000816788
 2.81262 0.000816785
 2.81263 0.000816773
 2.81263 0.000816771
 2.81263 0.000816758
 2.81263 0.000816756
 2.81264 0.000816742
 2.81264 0.000816741
 2.81264 0.000816727
 2.81265 0.000816726
 2.81265 0.000816711
 2.81265 0.00081671
 2.81266 0.000816695
 2.81266 0.000816695
 2.81266 0.000816679
 2.81266 0.000816679
 2.81267 0.000816664
 2.81267 0.000816663
 2.81267 0.000816648
 2.81267 0.000816646
 2.81268 0.000816632
 2.81268 0.00081663
 2.81268 0.000816616
 2.81268 0.000816613
 2.81269 0.0008166
 2.81269 0.000816596
 2.81269 0.000816584
 2.81269 0.000816579
 2.8127 0.000816567
 2.8127 0.000816562
 2.8127 0.000816551
 2.81271 0.000816545
 2.81271 0.000816534
 2.81271 0.000816528
 2.81271 0.000816517
 2.81272 0.00081651
 2.81272 0.0008165
 2.81272 0.000816493
 2.81273 0.000816483
 2.81273 0.000816475
 2.81273 0.000816466
 2.81273 0.000816457
 2.81274 0.000816448
 2.81274 0.000816439
 2.81274 0.000816431
 2.81275 0.000816421
 2.81275 0.000816413
 2.81275 0.000816402
 2.81275 0.000816395
 2.81276 0.000816384
 2.81276 0.000816377
 2.81276 0.000816365
 2.81277 0.000816359
 2.81277 0.000816346
 2.81277 0.000816341
 2.81278 0.000816327
 2.81278 0.000816323
 2.81278 0.000816308
 2.81278 0.000816304
 2.81279 0.000816289
 2.81279 0.000816286
 2.81279 0.000816269
 2.8128 0.000816267
 2.8128 0.00081625
 2.8128 0.000816248
 2.81281 0.00081623
 2.81281 0.000816229
 2.81281 0.00081621
 2.81281 0.00081621
 2.81282 0.000816191
 2.81282 0.00081619
 2.81283 0.000816171
 2.81283 0.000816169
 2.81283 0.000816151
 2.81283 0.000816149
 2.81284 0.000816132
 2.81284 0.000816128
 2.81284 0.000816112
 2.81284 0.000816108
 2.81285 0.000816092
 2.81285 0.000816087
 2.81286 0.000816071
 2.81286 0.000816066
 2.81286 0.000816051
 2.81286 0.000816044
 2.81287 0.00081603
 2.81287 0.000816023
 2.81288 0.00081601
 2.81288 0.000816001
 2.81288 0.000815989
 2.81288 0.000815979
 2.81289 0.000815968
 2.81289 0.000815957
 2.81289 0.000815947
 2.8129 0.000815935
 2.8129 0.000815925
 2.8129 0.000815913
 2.81291 0.000815904
 2.81291 0.000815891
 2.81291 0.000815882
 2.81292 0.000815868
 2.81292 0.000815861
 2.81292 0.000815845
 2.81293 0.000815839
 2.81293 0.000815822
 2.81293 0.000815817
 2.81294 0.000815799
 2.81294 0.000815794
 2.81295 0.000815775
 2.81295 0.000815772
 2.81295 0.000815752
 2.81295 0.000815749
 2.81296 0.000815728
 2.81296 0.000815727
 2.81297 0.000815704
 2.81297 0.000815704
 2.81297 0.000815681
 2.81297 0.00081568
 2.81298 0.000815657
 2.81298 0.000815656
 2.81299 0.000815634
 2.81299 0.000815631
 2.81299 0.00081561
 2.81299 0.000815607
 2.813 0.000815587
 2.813 0.000815582
 2.81301 0.000815563
 2.81301 0.000815557
 2.81301 0.000815539
 2.81302 0.000815532
 2.81302 0.000815514
 2.81302 0.000815506
 2.81303 0.00081549
 2.81303 0.000815481
 2.81304 0.000815465
 2.81304 0.000815455
 2.81304 0.000815441
 2.81305 0.000815429
 2.81305 0.000815416
 2.81305 0.000815403
 2.81306 0.000815391
 2.81306 0.000815376
 2.81306 0.000815365
 2.81307 0.00081535
 2.81307 0.00081534
 2.81308 0.000815323
 2.81308 0.000815314
 2.81308 0.000815296
 2.81309 0.000815288
 2.81309 0.000815269
 2.81309 0.000815263
 2.8131 0.000815241
 2.8131 0.000815236
 2.81311 0.000815214
 2.81311 0.00081521
 2.81311 0.000815186
 2.81311 0.000815183
 2.81312 0.000815158
 2.81312 0.000815157
 2.81313 0.00081513
 2.81313 0.00081513
 2.81314 0.000815103
 2.81314 0.000815101
 2.81314 0.000815075
 2.81314 0.000815073
 2.81315 0.000815048
 2.81315 0.000815044
 2.81316 0.00081502
 2.81316 0.000815015
 2.81317 0.000814993
 2.81317 0.000814986
 2.81317 0.000814965
 2.81318 0.000814956
 2.81318 0.000814936
 2.81318 0.000814926
 2.81319 0.000814908
 2.81319 0.000814896
 2.8132 0.000814879
 2.8132 0.000814866
 2.8132 0.000814851
 2.81321 0.000814836
 2.81321 0.000814822
 2.81322 0.000814805
 2.81322 0.000814792
 2.81322 0.000814775
 2.81323 0.000814763
 2.81323 0.000814744
 2.81324 0.000814734
 2.81324 0.000814712
 2.81324 0.000814704
 2.81325 0.000814681
 2.81325 0.000814674
 2.81326 0.000814649
 2.81326 0.000814644
 2.81327 0.000814617
 2.81327 0.000814613
 2.81327 0.000814585
 2.81327 0.000814583
 2.81328 0.000814553
 2.81328 0.000814552
 2.81329 0.000814521
 2.81329 0.00081452
 2.8133 0.00081449
 2.8133 0.000814487
 2.81331 0.000814459
 2.81331 0.000814454
 2.81331 0.000814427
 2.81332 0.000814421
 2.81332 0.000814395
 2.81332 0.000814387
 2.81333 0.000814363
 2.81333 0.000814354
 2.81334 0.000814331
 2.81334 0.00081432
 2.81335 0.000814299
 2.81335 0.000814285
 2.81336 0.000814266
 2.81336 0.000814251
 2.81336 0.000814233
 2.81337 0.000814216
 2.81337 0.0008142
 2.81338 0.000814181
 2.81338 0.000814167
 2.81339 0.000814146
 2.81339 0.000814134
 2.81339 0.000814111
 2.8134 0.0008141
 2.8134 0.000814075
 2.81341 0.000814066
 2.81341 0.000814039
 2.81341 0.000814032
 2.81342 0.000814003
 2.81342 0.000813998
 2.81343 0.000813966
 2.81343 0.000813963
 2.81344 0.000813929
 2.81344 0.000813928
 2.81345 0.000813893
 2.81345 0.000813892
 2.81346 0.000813858
 2.81346 0.000813855
 2.81346 0.000813823
 2.81347 0.000813818
 2.81347 0.000813787
 2.81348 0.00081378
 2.81348 0.000813751
 2.81348 0.000813742
 2.81349 0.000813715
 2.81349 0.000813704
 2.8135 0.000813679
 2.8135 0.000813665
 2.81351 0.000813642
 2.81351 0.000813626
 2.81352 0.000813605
 2.81352 0.000813587
 2.81353 0.000813568
 2.81353 0.000813548
 2.81353 0.000813531
 2.81354 0.000813508
 2.81354 0.000813494
 2.81355 0.000813469
 2.81355 0.000813456
 2.81356 0.000813428
 2.81356 0.000813418
 2.81357 0.000813388
 2.81357 0.00081338
 2.81358 0.000813347
 2.81358 0.000813341
 2.81359 0.000813306
 2.81359 0.000813303
 2.8136 0.000813265
 2.8136 0.000813264
 2.81361 0.000813225
 2.81361 0.000813224
 2.81362 0.000813185
 2.81362 0.000813182
 2.81362 0.000813146
 2.81363 0.00081314
 2.81363 0.000813106
 2.81364 0.000813097
 2.81364 0.000813066
 2.81364 0.000813055
 2.81365 0.000813025
 2.81365 0.000813012
 2.81366 0.000812985
 2.81366 0.000812969
 2.81367 0.000812944
 2.81367 0.000812925
 2.81368 0.000812903
 2.81368 0.000812881
 2.81369 0.000812861
 2.81369 0.000812837
 2.8137 0.00081282
 2.8137 0.000812793
 2.81371 0.000812778
 2.81371 0.000812748
 2.81372 0.000812736
 2.81372 0.000812703
 2.81373 0.000812693
 2.81373 0.000812658
 2.81374 0.000812651
 2.81374 0.000812612
 2.81374 0.000812608
 2.81375 0.000812566
 2.81375 0.000812565
 2.81376 0.000812521
 2.81376 0.00081252
 2.81377 0.000812478
 2.81377 0.000812474
 2.81378 0.000812434
 2.81378 0.000812427
 2.81379 0.00081239
 2.81379 0.00081238
 2.8138 0.000812345
 2.8138 0.000812333
 2.81381 0.0008123
 2.81382 0.000812285
 2.81382 0.000812255
 2.81383 0.000812237
 2.81383 0.00081221
 2.81384 0.000812188
 2.81384 0.000812165
 2.81385 0.00081214
 2.81385 0.000812119
 2.81386 0.000812091
 2.81386 0.000812073
 2.81387 0.000812042
 2.81387 0.000812027
 2.81388 0.000811992
 2.81388 0.00081198
 2.81389 0.000811942
 2.81389 0.000811933
 2.8139 0.000811892
 2.8139 0.000811886
 2.81391 0.000811841
 2.81391 0.000811839
 2.81392 0.000811791
 2.81392 0.00081179
 2.81393 0.000811743
 2.81393 0.000811739
 2.81394 0.000811695
 2.81394 0.000811688
 2.81395 0.000811646
 2.81395 0.000811636
 2.81396 0.000811597
 2.81396 0.000811584
 2.81397 0.000811548
 2.81397 0.000811531
 2.81398 0.000811499
 2.81398 0.000811478
 2.81399 0.000811449
 2.814 0.000811425
 2.814 0.000811399
 2.81401 0.000811371
 2.81401 0.000811349
 2.81402 0.000811318
 2.81402 0.000811299
 2.81403 0.000811263
 2.81403 0.000811248
 2.81404 0.000811209
 2.81404 0.000811197
 2.81405 0.000811154
 2.81405 0.000811145
 2.81406 0.000811099
 2.81406 0.000811094
 2.81407 0.000811043
 2.81407 0.000811042
 2.81408 0.000810989
 2.81408 0.000810987
 2.81409 0.000810937
 2.81409 0.000810931
 2.8141 0.000810884
 2.81411 0.000810874
 2.81411 0.000810831
 2.81412 0.000810817
 2.81412 0.000810777
 2.81413 0.00081076
 2.81414 0.000810723
 2.81414 0.000810702
 2.81415 0.000810669
 2.81415 0.000810644
 2.81416 0.000810615
 2.81416 0.000810585
 2.81417 0.00081056
 2.81417 0.000810526
 2.81418 0.000810505
 2.81419 0.000810467
 2.81419 0.00081045
 2.8142 0.000810408
 2.8142 0.000810394
 2.81421 0.000810348
 2.81421 0.000810338
 2.81422 0.000810287
 2.81422 0.000810282
 2.81423 0.000810227
 2.81423 0.000810226
 2.81424 0.000810169
 2.81424 0.000810166
 2.81425 0.000810112
 2.81425 0.000810104
 2.81426 0.000810054
 2.81427 0.000810042
 2.81427 0.000809996
 2.81428 0.00080998
 2.81429 0.000809938
 2.81429 0.000809918
 2.8143 0.00080988
 2.8143 0.000809855
 2.81431 0.000809821
 2.81431 0.000809791
 2.81432 0.000809762
 2.81433 0.000809728
 2.81433 0.000809702
 2.81434 0.000809663
 2.81434 0.000809643
 2.81435 0.000809599
 2.81435 0.000809583
 2.81436 0.000809534
 2.81436 0.000809522
 2.81437 0.000809469
 2.81437 0.000809461
 2.81438 0.000809403
 2.81439 0.0008094
 2.8144 0.000809339
 2.8144 0.000809337
 2.81441 0.000809277
 2.81441 0.000809271
 2.81442 0.000809215
 2.81442 0.000809204
 2.81443 0.000809153
 2.81443 0.000809136
 2.81444 0.00080909
 2.81445 0.000809069
 2.81445 0.000809027
 2.81446 0.000809
 2.81446 0.000808963
 2.81447 0.000808932
 2.81448 0.0008089
 2.81448 0.000808863
 2.81449 0.000808836
 2.81449 0.000808794
 2.8145 0.000808771
 2.81451 0.000808724
 2.81451 0.000808706
 2.81452 0.000808654
 2.81452 0.000808641
 2.81453 0.000808583
 2.81453 0.000808576
 2.81454 0.000808512
 2.81454 0.00080851
 2.81456 0.000808444
 2.81456 0.000808441
 2.81457 0.000808377
 2.81457 0.000808369
 2.81458 0.00080831
 2.81458 0.000808297
 2.81459 0.000808243
 2.81459 0.000808224
 2.8146 0.000808175
 2.81461 0.000808151
 2.81461 0.000808107
 2.81462 0.000808077
 2.81463 0.000808039
 2.81463 0.000808003
 2.81464 0.00080797
 2.81465 0.000807929
 2.81465 0.000807901
 2.81466 0.000807854
 2.81466 0.000807832
 2.81467 0.000807778
 2.81467 0.000807762
 2.81468 0.000807703
 2.81469 0.000807692
 2.8147 0.000807626
 2.8147 0.000807621
 2.81471 0.00080755
 2.81471 0.00080755
 2.81472 0.000807479
 2.81472 0.000807473
 2.81473 0.000807408
 2.81474 0.000807395
 2.81475 0.000807336
 2.81475 0.000807317
 2.81476 0.000807263
 2.81476 0.000807238
 2.81477 0.00080719
 2.81477 0.000807159
 2.81478 0.000807117
 2.81479 0.00080708
 2.81479 0.000807044
 2.8148 0.000807
 2.81481 0.00080697
 2.81481 0.00080692
 2.81482 0.000806896
 2.81483 0.000806839
 2.81483 0.000806821
 2.81484 0.000806758
 2.81484 0.000806746
 2.81485 0.000806676
 2.81486 0.000806671
 2.81487 0.000806595
 2.81487 0.000806594
 2.81488 0.000806519
 2.81488 0.000806511
 2.81489 0.000806442
 2.81489 0.000806428
 2.8149 0.000806365
 2.81491 0.000806345
 2.81492 0.000806288
 2.81492 0.00080626
 2.81493 0.00080621
 2.81493 0.000806176
 2.81494 0.000806132
 2.81495 0.000806091
 2.81495 0.000806053
 2.81496 0.000806005
 2.81497 0.000805974
 2.81498 0.000805919
 2.81498 0.000805895
 2.81499 0.000805833
 2.81499 0.000805815
 2.815 0.000805746
 2.815 0.000805735
 2.81502 0.000805658
 2.81502 0.000805654
 2.81503 0.000805573
 2.81503 0.00080557
 2.81504 0.000805492
 2.81504 0.000805482
 2.81506 0.00080541
 2.81506 0.000805393
 2.81507 0.000805328
 2.81507 0.000805303
 2.81508 0.000805245
 2.81509 0.000805213
 2.81509 0.000805162
 2.8151 0.000805123
 2.81511 0.000805079
 2.81511 0.000805031
 2.81512 0.000804995
 2.81513 0.00080494
 2.81513 0.000804911
 2.81514 0.000804848
 2.81514 0.000804826
 2.81516 0.000804755
 2.81516 0.000804741
 2.81517 0.000804662
 2.81517 0.000804656
 2.81518 0.00080457
 2.81518 0.000804569
 2.8152 0.000804483
 2.8152 0.000804474
 2.81521 0.000804397
 2.81521 0.00080438
 2.81522 0.000804309
 2.81523 0.000804285
 2.81524 0.000804222
 2.81524 0.000804189
 2.81525 0.000804134
 2.81526 0.000804093
 2.81526 0.000804045
 2.81527 0.000803996
 2.81528 0.000803956
 2.81528 0.000803898
 2.81529 0.000803867
 2.8153 0.000803801
 2.8153 0.000803777
 2.81531 0.000803702
 2.81531 0.000803687
 2.81533 0.000803603
 2.81533 0.000803596
 2.81534 0.000803505
 2.81534 0.000803504
 2.81535 0.000803413
 2.81536 0.000803404
 2.81537 0.000803321
 2.81537 0.000803303
 2.81538 0.000803229
 2.81539 0.000803202
 2.8154 0.000803136
 2.8154 0.0008031
 2.81541 0.000803043
 2.81541 0.000802998
 2.81542 0.000802949
 2.81543 0.000802895
 2.81544 0.000802855
 2.81544 0.000802792
 2.81545 0.00080276
 2.81546 0.000802688
 2.81546 0.000802665
 2.81547 0.000802583
 2.81548 0.000802569
 2.81549 0.000802478
 2.81549 0.000802473
 2.8155 0.000802377
 2.8155 0.000802373
 2.81552 0.00080228
 2.81552 0.000802266
 2.81553 0.000802182
 2.81553 0.00080216
 2.81554 0.000802084
 2.81555 0.000802052
 2.81556 0.000801986
 2.81556 0.000801944
 2.81557 0.000801887
 2.81558 0.000801836
 2.81559 0.000801788
 2.81559 0.000801727
 2.8156 0.000801688
 2.81561 0.000801617
 2.81561 0.000801588
 2.81562 0.000801507
 2.81563 0.000801487
 2.81564 0.000801396
 2.81564 0.000801386
 2.81565 0.000801284
 2.81566 0.000801284
 2.81567 0.000801182
 2.81567 0.000801172
 2.81568 0.000801079
 2.81569 0.00080106
 2.8157 0.000800976
 2.8157 0.000800946
 2.81571 0.000800872
 2.81572 0.000800832
 2.81573 0.000800768
 2.81573 0.000800718
 2.81574 0.000800664
 2.81575 0.000800603
 2.81575 0.000800559
 2.81576 0.000800487
 2.81577 0.000800453
 2.81578 0.000800371
 2.81578 0.000800347
 2.81579 0.000800254
 2.8158 0.000800241
 2.81581 0.000800136
 2.81581 0.000800134
 2.81582 0.000800026
 2.81583 0.000800018
 2.81584 0.000799918
 2.81584 0.000799899
 2.81585 0.000799809
 2.81586 0.00079978
 2.81587 0.0007997
 2.81587 0.00079966
 2.81588 0.000799591
 2.81589 0.000799539
 2.8159 0.000799481
 2.8159 0.000799418
 2.81591 0.00079937
 2.81592 0.000799296
 2.81592 0.000799259
 2.81594 0.000799173
 2.81594 0.000799148
 2.81595 0.00079905
 2.81595 0.000799036
 2.81597 0.000798926
 2.81597 0.000798923
 2.81598 0.00079881
 2.81598 0.000798801
 2.816 0.000798697
 2.816 0.000798676
 2.81601 0.000798583
 2.81602 0.00079855
 2.81603 0.000798468
 2.81603 0.000798424
 2.81604 0.000798353
 2.81605 0.000798297
 2.81606 0.000798237
 2.81606 0.000798169
 2.81607 0.000798121
 2.81608 0.00079804
 2.81609 0.000798004
 2.8161 0.000797911
 2.8161 0.000797887
 2.81611 0.000797781
 2.81611 0.000797769
 2.81613 0.000797651
 2.81613 0.000797651
 2.81614 0.000797532
 2.81615 0.00079752
 2.81616 0.000797413
 2.81616 0.000797388
 2.81617 0.000797293
 2.81618 0.000797256
 2.81619 0.000797173
 2.8162 0.000797122
 2.8162 0.000797052
 2.81621 0.000796988
 2.81622 0.00079693
 2.81623 0.000796854
 2.81623 0.000796808
 2.81624 0.000796719
 2.81625 0.000796685
 2.81626 0.000796583
 2.81626 0.000796562
 2.81628 0.000796446
 2.81628 0.000796439
 2.81629 0.000796314
 2.81629 0.000796309
 2.81631 0.00079619
 2.81631 0.000796171
 2.81632 0.000796064
 2.81633 0.000796032
 2.81634 0.000795939
 2.81635 0.000795893
 2.81635 0.000795812
 2.81636 0.000795752
 2.81637 0.000795685
 2.81638 0.000795612
 2.81639 0.000795558
 2.8164 0.00079547
 2.8164 0.00079543
 2.81641 0.000795328
 2.81642 0.000795301
 2.81643 0.000795185
 2.81643 0.000795172
 2.81645 0.000795042
 2.81645 0.000795041
 2.81646 0.000794912
 2.81646 0.000794897
 2.81648 0.000794781
 2.81648 0.000794751
 2.81649 0.000794649
 2.8165 0.000794605
 2.81651 0.000794517
 2.81651 0.000794459
 2.81652 0.000794385
 2.81653 0.000794311
 2.81654 0.000794251
 2.81655 0.000794163
 2.81655 0.000794118
 2.81657 0.000794014
 2.81657 0.000793983
 2.81658 0.000793865
 2.81659 0.000793848
 2.8166 0.000793715
 2.8166 0.000793713
 2.81662 0.000793577
 2.81662 0.000793563
 2.81663 0.00079344
 2.81664 0.000793412
 2.81665 0.000793303
 2.81665 0.000793259
 2.81666 0.000793165
 2.81667 0.000793106
 2.81668 0.000793027
 2.81669 0.000792952
 2.8167 0.000792887
 2.81671 0.000792797
 2.81671 0.000792748
 2.81672 0.000792641
 2.81673 0.000792608
 2.81674 0.000792485
 2.81674 0.000792467
 2.81676 0.000792328
 2.81676 0.000792325
 2.81678 0.000792183
 2.81678 0.00079217
 2.81679 0.000792041
 2.81679 0.000792011
 2.81681 0.000791898
 2.81681 0.000791851
 2.81682 0.000791754
 2.81683 0.000791691
 2.81684 0.000791609
 2.81685 0.00079153
 2.81685 0.000791464
 2.81687 0.000791368
 2.81687 0.000791319
 2.81688 0.000791205
 2.81689 0.000791172
 2.8169 0.000791042
 2.8169 0.000791025
 2.81692 0.000790878
 2.81692 0.000790878
 2.81694 0.00079073
 2.81694 0.000790713
 2.81695 0.000790581
 2.81696 0.000790547
 2.81697 0.000790432
 2.81697 0.00079038
 2.81698 0.000790282
 2.81699 0.000790213
 2.817 0.000790131
 2.81701 0.000790044
 2.81702 0.00078998
 2.81703 0.000789875
 2.81703 0.000789828
 2.81705 0.000789705
 2.81705 0.000789676
 2.81706 0.000789535
 2.81707 0.000789523
 2.81708 0.000789369
 2.81708 0.000789363
 2.8171 0.000789214
 2.8171 0.000789191
 2.81712 0.000789059
 2.81712 0.000789018
 2.81713 0.000788904
 2.81714 0.000788844
 2.81715 0.000788747
 2.81716 0.000788669
 2.81716 0.000788591
 2.81718 0.000788493
 2.81718 0.000788433
 2.81719 0.000788316
 2.8172 0.000788275
 2.81721 0.000788139
 2.81721 0.000788116
 2.81723 0.000787961
 2.81723 0.000787956
 2.81725 0.000787796
 2.81725 0.000787782
 2.81726 0.000787635
 2.81727 0.000787602
 2.81728 0.000787474
 2.81729 0.000787421
 2.8173 0.000787312
 2.81731 0.000787239
 2.81731 0.000787149
 2.81732 0.000787057
 2.81733 0.000786985
 2.81734 0.000786873
 2.81735 0.000786821
 2.81736 0.000786689
 2.81737 0.000786656
 2.81738 0.000786504
 2.81738 0.000786491
 2.8174 0.000786325
 2.8174 0.000786318
 2.81742 0.000786158
 2.81742 0.000786131
 2.81743 0.000785991
 2.81744 0.000785943
 2.81745 0.000785822
 2.81746 0.000785754
 2.81747 0.000785654
 2.81748 0.000785565
 2.81748 0.000785484
 2.81749 0.000785374
 2.8175 0.000785314
 2.81751 0.000785183
 2.81752 0.000785143
 2.81753 0.000784991
 2.81754 0.000784972
 2.81755 0.000784799
 2.81755 0.000784798
 2.81757 0.000784626
 2.81757 0.000784604
 2.81759 0.000784453
 2.81759 0.000784409
 2.8176 0.000784278
 2.81761 0.000784213
 2.81762 0.000784104
 2.81763 0.000784016
 2.81764 0.000783928
 2.81765 0.000783818
 2.81766 0.000783751
 2.81767 0.00078362
 2.81767 0.000783574
 2.81769 0.00078342
 2.81769 0.000783397
 2.81771 0.00078322
 2.81771 0.000783218
 2.81773 0.000783039
 2.81773 0.000783018
 2.81774 0.000782859
 2.81775 0.000782816
 2.81776 0.000782679
 2.81777 0.000782613
 2.81778 0.000782497
 2.81779 0.000782409
 2.81779 0.000782315
 2.81781 0.000782203
 2.81781 0.000782133
 2.81783 0.000781997
 2.81783 0.000781949
 2.81785 0.00078179
 2.81785 0.000781765
 2.81786 0.000781582
 2.81787 0.00078158
 2.81788 0.000781394
 2.81788 0.000781373
 2.8179 0.000781208
 2.8179 0.000781164
 2.81792 0.000781021
 2.81792 0.000780953
 2.81794 0.000780833
 2.81794 0.000780741
 2.81795 0.000780645
 2.81796 0.000780528
 2.81797 0.000780456
 2.81798 0.000780314
 2.81799 0.000780266
 2.818 0.0007801
 2.81801 0.000780075
 2.81802 0.000779884
 2.81802 0.000779884
 2.81804 0.000779692
 2.81804 0.000779667
 2.81806 0.000779499
 2.81807 0.000779449
 2.81808 0.000779305
 2.81809 0.000779231
 2.8181 0.000779111
 2.81811 0.000779011
 2.81811 0.000778915
 2.81813 0.00077879
 2.81813 0.00077872
 2.81815 0.000778569
 2.81815 0.000778523
 2.81817 0.000778346
 2.81817 0.000778326
 2.81819 0.000778128
 2.81819 0.000778122
 2.8182 0.000777929
 2.81821 0.000777898
 2.81822 0.000777729
 2.81823 0.000777672
 2.81824 0.000777529
 2.81825 0.000777445
 2.81826 0.000777327
 2.81827 0.000777218
 2.81828 0.000777126
 2.81829 0.000776989
 2.8183 0.000776923
 2.81831 0.000776759
 2.81831 0.000776719
 2.81833 0.000776528
 2.81833 0.000776515
 2.81835 0.00077631
 2.81835 0.000776297
 2.81837 0.000776105
 2.81837 0.000776064
 2.81839 0.000775898
 2.81839 0.00077583
 2.81841 0.000775691
 2.81841 0.000775595
 2.81842 0.000775483
 2.81843 0.000775359
 2.81844 0.000775274
 2.81846 0.000775122
 2.81846 0.000775064
 2.81848 0.000774884
 2.81848 0.000774854
 2.8185 0.000774645
 2.8185 0.000774643
 2.81852 0.000774431
 2.81852 0.000774404
 2.81853 0.000774218
 2.81854 0.000774163
 2.81855 0.000774004
 2.81856 0.000773921
 2.81857 0.00077379
 2.81858 0.000773677
 2.81859 0.000773575
 2.8186 0.000773433
 2.81861 0.000773359
 2.81862 0.000773187
 2.81863 0.000773142
 2.81864 0.000772941
 2.81865 0.000772924
 2.81866 0.000772706
 2.81867 0.000772693
 2.81868 0.000772487
 2.81869 0.000772444
 2.8187 0.000772267
 2.81871 0.000772194
 2.81872 0.000772046
 2.81873 0.000771943
 2.81874 0.000771824
 2.81875 0.000771691
 2.81876 0.000771602
 2.81877 0.000771438
 2.81878 0.000771379
 2.81879 0.000771184
 2.8188 0.000771155
 2.81882 0.00077093
 2.81882 0.000770928
 2.81883 0.000770704
 2.81884 0.000770672
 2.81885 0.000770478
 2.81886 0.000770414
 2.81887 0.00077025
 2.81888 0.000770155
 2.81889 0.000770022
 2.8189 0.000769895
 2.81891 0.000769793
 2.81892 0.000769634
 2.81893 0.000769563
 2.81895 0.000769372
 2.81895 0.000769333
 2.81897 0.000769109
 2.81897 0.000769101
 2.81899 0.000768869
 2.81899 0.000768844
 2.81901 0.000768636
 2.81901 0.000768579
 2.81903 0.000768402
 2.81903 0.000768312
 2.81904 0.000768167
 2.81905 0.000768044
 2.81906 0.000767931
 2.81908 0.000767775
 2.81908 0.000767695
 2.8191 0.000767505
 2.8191 0.000767457
 2.81912 0.000767234
 2.81912 0.000767219
 2.81914 0.00076698
 2.81914 0.000766961
 2.81916 0.00076674
 2.81917 0.000766687
 2.81918 0.000766499
 2.81919 0.000766413
 2.8192 0.000766258
 2.81921 0.000766137
 2.81922 0.000766015
 2.81923 0.000765859
 2.81924 0.000765772
 2.81925 0.000765581
 2.81926 0.000765527
 2.81928 0.000765301
 2.81928 0.000765282
 2.8193 0.000765036
 2.8193 0.000765021
 2.81932 0.000764789
 2.81932 0.000764739
 2.81934 0.000764542
 2.81934 0.000764456
 2.81936 0.000764293
 2.81937 0.000764171
 2.81938 0.000764043
 2.81939 0.000763886
 2.8194 0.000763793
 2.81941 0.000763599
 2.81942 0.000763542
 2.81943 0.000763311
 2.81943 0.00076329
 2.81945 0.000763037
 2.81946 0.000763022
 2.81947 0.000762783
 2.81948 0.000762731
 2.81949 0.000762528
 2.8195 0.00076244
 2.81951 0.000762272
 2.81952 0.000762147
 2.81953 0.000762016
 2.81955 0.000761853
 2.81955 0.000761758
 2.81957 0.000761557
 2.81957 0.0007615
 2.81959 0.000761261
 2.81959 0.00076124
 2.81961 0.00076098
 2.81961 0.000760963
 2.81963 0.000760719
 2.81964 0.000760664
 2.81965 0.000760457
 2.81966 0.000760363
 2.81967 0.000760194
 2.81968 0.000760062
 2.81969 0.00075993
 2.81971 0.000759759
 2.81971 0.000759666
 2.81973 0.000759455
 2.81973 0.0007594
 2.81975 0.000759149
 2.81975 0.000759133
 2.81977 0.000758866
 2.81978 0.000758843
 2.81979 0.000758598
 2.8198 0.000758535
 2.81981 0.000758328
 2.81982 0.000758226
 2.81983 0.000758058
 2.81985 0.000757915
 2.81986 0.000757787
 2.81987 0.000757603
 2.81988 0.000757515
 2.81989 0.00075729
 2.8199 0.000757242
 2.81992 0.000756976
 2.81992 0.000756968
 2.81994 0.000756693
 2.81994 0.00075666
 2.81996 0.000756417
 2.81996 0.000756343
 2.81998 0.00075614
 2.81999 0.000756025
 2.82 0.000755862
 2.82001 0.000755705
 2.82002 0.000755584
 2.82003 0.000755385
 2.82004 0.000755304
 2.82006 0.000755062
 2.82006 0.000755023
 2.82008 0.000754742
 2.82008 0.000754739
 2.8201 0.000754459
 2.8201 0.000754414
 2.82012 0.000754176
 2.82013 0.000754088
 2.82014 0.000753892
 2.82015 0.00075376
 2.82016 0.000753606
 2.82017 0.000753431
 2.82018 0.00075332
 2.8202 0.000753101
 2.8202 0.000753033
 2.82022 0.00075277
 2.82022 0.000752744
 2.82024 0.000752455
 2.82025 0.000752437
 2.82027 0.000752165
 2.82027 0.000752102
 2.82029 0.000751874
 2.82029 0.000751767
 2.82031 0.000751582
 2.82032 0.00075143
 2.82033 0.000751289
 2.82034 0.000751091
 2.82035 0.000750994
 2.82037 0.000750752
 2.82037 0.000750699
 2.82039 0.000750411
 2.82039 0.000750403
 2.82041 0.000750106
 2.82041 0.000750068
 2.82043 0.000749808
 2.82044 0.000749724
 2.82045 0.000749509
 2.82046 0.000749379
 2.82047 0.000749209
 2.82049 0.000749032
 2.8205 0.000748908
 2.82051 0.000748684
 2.82052 0.000748606
 2.82054 0.000748335
 2.82054 0.000748303
 2.82056 0.000747999
 2.82056 0.000747984
 2.82058 0.000747694
 2.82058 0.000747632
 2.8206 0.000747388
 2.82061 0.000747278
 2.82062 0.000747081
 2.82063 0.000746923
 2.82064 0.000746773
 2.82066 0.000746566
 2.82066 0.000746464
 2.82068 0.000746208
 2.82069 0.000746154
 2.82071 0.000745849
 2.82071 0.000745843
 2.82073 0.000745531
 2.82073 0.000745488
 2.82075 0.000745218
 2.82076 0.000745126
 2.82077 0.000744904
 2.82078 0.000744762
 2.82079 0.000744589
 2.82081 0.000744397
 2.82081 0.000744273
 2.82083 0.00074403
 2.82084 0.000743955
 2.82086 0.000743662
 2.82086 0.000743637
 2.82088 0.000743318
 2.82088 0.000743293
 2.8209 0.000742998
 2.82091 0.000742922
 2.82092 0.000742676
 2.82093 0.000742549
 2.82094 0.000742354
 2.82096 0.000742176
 2.82096 0.00074203
 2.82098 0.0007418
 2.82099 0.000741706
 2.82101 0.000741423
 2.82101 0.000741381
 2.82103 0.000741054
 2.82103 0.000741045
 2.82105 0.000740726
 2.82106 0.000740665
 2.82107 0.000740398
 2.82108 0.000740284
 2.82109 0.000740068
 2.82111 0.000739901
 2.82112 0.000739737
 2.82113 0.000739516
 2.82114 0.000739405
 2.82116 0.000739131
 2.82116 0.000739073
 2.82118 0.000738743
 2.82118 0.000738739
 2.8212 0.000738404
 2.82121 0.000738354
 2.82123 0.000738067
 2.82123 0.000737964
 2.82125 0.00073773
 2.82126 0.000737572
 2.82127 0.000737392
 2.82128 0.000737179
 2.82129 0.000737053
 2.82131 0.000736784
 2.82131 0.000736712
 2.82133 0.000736387
 2.82134 0.000736371
 2.82136 0.000736028
 2.82136 0.000735989
 2.82138 0.000735685
 2.82139 0.000735589
 2.8214 0.00073534
 2.82141 0.000735188
 2.82142 0.000734994
 2.82144 0.000734785
 2.82145 0.000734647
 2.82146 0.000734381
 2.82147 0.000734299
 2.82149 0.000733975
 2.82149 0.00073395
 2.82151 0.0007336
 2.82151 0.000733568
 2.82153 0.000733249
 2.82154 0.000733159
 2.82156 0.000732897
 2.82157 0.000732748
 2.82158 0.000732543
 2.82159 0.000732336
 2.8216 0.000732189
 2.82162 0.000731922
 2.82162 0.000731833
 2.82164 0.000731507
 2.82165 0.000731476
 2.82167 0.000731118
 2.82167 0.00073109
 2.82169 0.000730759
 2.8217 0.000730671
 2.82171 0.000730399
 2.82172 0.000730251
 2.82174 0.000730038
 2.82175 0.00072983
 2.82176 0.000729675
 2.82177 0.000729406
 2.82178 0.000729312
 2.8218 0.000728981
 2.8218 0.000728947
 2.82183 0.000728581
 2.82183 0.000728555
 2.82185 0.000728215
 2.82185 0.000728126
 2.82187 0.000727847
 2.82188 0.000727696
 2.82189 0.000727477
 2.82191 0.000727265
 2.82192 0.000727107
 2.82193 0.000726832
 2.82194 0.000726736
 2.82196 0.000726397
 2.82196 0.000726363
 2.82198 0.000725989
 2.82199 0.00072596
 2.82201 0.000725614
 2.82201 0.000725522
 2.82203 0.000725238
 2.82204 0.000725083
 2.82205 0.000724861
 2.82207 0.000724641
 2.82208 0.000724483
 2.82209 0.000724198
 2.8221 0.000724103
 2.82212 0.000723753
 2.82212 0.000723723
 2.82214 0.000723341
 2.82215 0.000723307
 2.82217 0.000722958
 2.82217 0.000722859
 2.82219 0.000722574
 2.8222 0.000722409
 2.82221 0.000722189
 2.82223 0.000721957
 2.82224 0.000721802
 2.82225 0.000721504
 2.82226 0.000721415
 2.82228 0.000721049
 2.82228 0.000721026
 2.8223 0.000720636
 2.82231 0.000720592
 2.82233 0.000720245
 2.82233 0.000720134
 2.82235 0.000719852
 2.82236 0.000719674
 2.82237 0.000719459
 2.82239 0.000719212
 2.8224 0.000719064
 2.82242 0.000718749
 2.82242 0.000718668
 2.82244 0.000718283
 2.82244 0.000718271
 2.82247 0.000717873
 2.82247 0.000717816
 2.82249 0.000717473
 2.8225 0.000717348
 2.82251 0.000717073
 2.82252 0.000716877
 2.82254 0.000716671
 2.82255 0.000716405
 2.82256 0.000716268
 2.82258 0.000715931
 2.82258 0.000715863
 2.82261 0.000715458
 2.82261 0.000715455
 2.82263 0.000715051
 2.82263 0.000714978
 2.82265 0.000714643
 2.82266 0.000714498
 2.82268 0.000714234
 2.82269 0.000714017
 2.8227 0.000713824
 2.82272 0.000713534
 2.82272 0.000713412
 2.82274 0.00071305
 2.82275 0.000712999
 2.82277 0.000712585
 2.82277 0.000712563
 2.82279 0.00071217
 2.8228 0.000712075
 2.82282 0.000711754
 2.82283 0.000711585
 2.82284 0.000711336
 2.82285 0.000711093
 2.82286 0.000710917
 2.82288 0.0007106
 2.82289 0.000710497
 2.82291 0.000710104
 2.82291 0.000710076
 2.82294 0.000709653
 2.82294 0.000709607
 2.82296 0.000709229
 2.82297 0.000709108
 2.82298 0.000708804
 2.82299 0.000708607
 2.82301 0.000708378
 2.82302 0.000708104
 2.82303 0.00070795
 2.82305 0.0007076
 2.82305 0.000707521
 2.82308 0.000707093
 2.82308 0.000707091
 2.8231 0.00070666
 2.82311 0.000706585
 2.82313 0.000706227
 2.82313 0.000706075
 2.82315 0.000705793
 2.82316 0.000705563
 2.82317 0.000705358
 2.82319 0.000705049
 2.8232 0.000704922
 2.82322 0.000704533
 2.82322 0.000704484
 2.82325 0.000704045
 2.82325 0.000704016
 2.82327 0.000703605
 2.82328 0.000703496
 2.82329 0.000703163
 2.8233 0.000702975
 2.82332 0.000702721
 2.82333 0.000702451
 2.82334 0.000702276
 2.82336 0.000701926
 2.82337 0.000701831
 2.82339 0.000701399
 2.82339 0.000701385
 2.82341 0.000700937
 2.82342 0.00070087
 2.82344 0.000700487
 2.82345 0.000700339
 2.82346 0.000700037
 2.82348 0.000699807
 2.82349 0.000699585
 2.8235 0.000699272
 2.82351 0.000699132
 2.82353 0.000698735
 2.82354 0.000698678
 2.82356 0.000698222
 2.82356 0.000698197
 2.82358 0.000697765
 2.82359 0.000697656
 2.82361 0.000697307
 2.82362 0.000697114
 2.82363 0.000696847
 2.82365 0.00069657
 2.82366 0.000696386
 2.82368 0.000696023
 2.82368 0.000695924
 2.82371 0.000695475
 2.82371 0.000695461
 2.82373 0.000694996
 2.82374 0.000694925
 2.82376 0.00069453
 2.82376 0.000694373
 2.82378 0.000694062
 2.82379 0.000693818
 2.82381 0.000693593
 2.82382 0.000693262
 2.82383 0.000693123
 2.82385 0.000692704
 2.82385 0.000692652
 2.82388 0.000692179
 2.82388 0.000692144
 2.8239 0.000691705
 2.82391 0.000691582
 2.82393 0.000691229
 2.82394 0.000691018
 2.82395 0.000690753
 2.82397 0.000690452
 2.82398 0.000690274
 2.824 0.000689884
 2.824 0.000689795
 2.82403 0.000689314
 2.82403 0.000689313
 2.82405 0.000688832
 2.82406 0.000688741
 2.82408 0.000688348
 2.82409 0.000688167
 2.8241 0.000687864
 2.82412 0.000687591
 2.82413 0.000687377
 2.82415 0.000687013
 2.82415 0.00068689
 2.82417 0.000686432
 2.82418 0.000686401
 2.8242 0.00068591
 2.8242 0.00068585
 2.82423 0.000685419
 2.82423 0.000685266
 2.82425 0.000684926
 2.82426 0.000684679
 2.82428 0.000684431
 2.82429 0.000684091
 2.8243 0.000683936
 2.82432 0.0006835
 2.82433 0.000683438
 2.82435 0.00068294
 2.82435 0.000682908
 2.82438 0.00068244
 2.82438 0.000682313
 2.8244 0.000681939
 2.82441 0.000681716
 2.82443 0.000681436
 2.82444 0.000681117
 2.82445 0.000680932
 2.82447 0.000680516
 2.82448 0.000680426
 2.8245 0.000679919
 2.8245 0.000679913
 2.82453 0.000679411
 2.82453 0.000679308
 2.82455 0.000678902
 2.82456 0.000678701
 2.82458 0.000678391
 2.82459 0.000678092
 2.8246 0.000677878
 2.82462 0.00067748
 2.82463 0.000677364
 2.82465 0.000676867
 2.82465 0.000676849
 2.82468 0.000676332
 2.82468 0.000676251
 2.82471 0.000675814
 2.82471 0.000675633
 2.82473 0.000675295
 2.82474 0.000675013
 2.82476 0.000674774
 2.82477 0.000674391
 2.82478 0.000674251
 2.82481 0.000673766
 2.82481 0.000673728
 2.82483 0.000673202
 2.82484 0.00067314
 2.82486 0.000672676
 2.82487 0.000672511
 2.82488 0.000672148
 2.8249 0.00067188
 2.82491 0.000671618
 2.82493 0.000671247
 2.82493 0.000671087
 2.82496 0.000670612
 2.82496 0.000670555
 2.82499 0.000670021
 2.82499 0.000669975
 2.82501 0.000669486
 2.82502 0.000669335
 2.82504 0.00066895
 2.82505 0.000668694
 2.82506 0.000668411
 2.82508 0.00066805
 2.82509 0.000667872
 2.82511 0.000667404
 2.82511 0.000667331
 2.82514 0.000666788
 2.82514 0.000666755
 2.82517 0.000666244
 2.82517 0.000666105
 2.82519 0.000665699
 2.8252 0.000665452
 2.82522 0.000665152
 2.82524 0.000664797
 2.82524 0.000664604
 2.82527 0.00066414
 2.82527 0.000664054
 2.8253 0.000663503
 2.8253 0.00066348
 2.82532 0.00066295
 2.82533 0.000662818
 2.82535 0.000662396
 2.82536 0.000662154
 2.82537 0.00066184
 2.82539 0.000661488
 2.8254 0.000661283
 2.82542 0.000660819
 2.82543 0.000660725
 2.82545 0.000660165
 2.82545 0.000660149
 2.82548 0.000659603
 2.82548 0.000659476
 2.8255 0.00065904
 2.82552 0.0006588
 2.82553 0.000658475
 2.82555 0.000658123
 2.82556 0.000657909
 2.82558 0.000657443
 2.82558 0.000657342
 2.82561 0.000656773
 2.82561 0.00065676
 2.82564 0.000656202
 2.82564 0.000656076
 2.82566 0.00065563
 2.82567 0.000655389
 2.82569 0.000655057
 2.8257 0.0006547
 2.82571 0.000654482
 2.82574 0.000654008
 2.82574 0.000653905
 2.82577 0.000653327
 2.82577 0.000653315
 2.82579 0.000652747
 2.8258 0.000652618
 2.82582 0.000652166
 2.82583 0.00065192
 2.82585 0.000651584
 2.82586 0.000651219
 2.82587 0.000650999
 2.82589 0.000650516
 2.8259 0.000650414
 2.82593 0.000649827
 2.82593 0.00064981
 2.82595 0.000649238
 2.82596 0.000649102
 2.82598 0.000648648
 2.82599 0.000648392
 2.82601 0.000648056
 2.82602 0.00064768
 2.82603 0.000647462
 2.82605 0.000646965
 2.82606 0.000646867
 2.82609 0.000646271
 2.82609 0.000646247
 2.82611 0.000645673
 2.82612 0.000645527
 2.82614 0.000645073
 2.82615 0.000644805
 2.82617 0.000644472
 2.82618 0.000644081
 2.82619 0.00064387
 2.82622 0.000643354
 2.82622 0.000643266
 2.82625 0.00064266
 2.82625 0.000642624
 2.82627 0.000642053
 2.82628 0.000641892
 2.8263 0.000641444
 2.82631 0.000641158
 2.82633 0.000640833
 2.82634 0.000640421
 2.82635 0.000640221
 2.82638 0.000639682
 2.82638 0.000639608
 2.82641 0.000638992
 2.82641 0.000638941
 2.82643 0.000638376
 2.82644 0.000638197
 2.82646 0.000637757
 2.82647 0.00063745
 2.82649 0.000637138
 2.82651 0.000636701
 2.82652 0.000636516
 2.82654 0.00063595
 2.82654 0.000635893
 2.82657 0.000635268
 2.82657 0.000635196
 2.8266 0.000634642
 2.82661 0.00063444
 2.82662 0.000634014
 2.82664 0.000633681
 2.82665 0.000633385
 2.82667 0.000632919
 2.82668 0.000632754
 2.8267 0.000632156
 2.82671 0.000632121
 2.82673 0.000631487
 2.82674 0.000631389
 2.82676 0.000630851
 2.82677 0.00063062
 2.82679 0.000630214
 2.8268 0.000629849
 2.82681 0.000629575
 2.82684 0.000629075
 2.82684 0.000628934
 2.82687 0.000628299
 2.82687 0.000628292
 2.8269 0.000627648
 2.8269 0.00062752
 2.82692 0.000627002
 2.82693 0.000626738
 2.82695 0.000626355
 2.82697 0.000625954
 2.82698 0.000625706
 2.827 0.000625168
 2.82701 0.000625056
 2.82703 0.000624404
 2.82703 0.000624378
 2.82706 0.00062375
 2.82707 0.000623587
 2.82709 0.000623095
 2.8271 0.000622792
 2.82712 0.000622438
 2.82713 0.000621996
 2.82714 0.000621779
 2.82717 0.000621196
 2.82717 0.000621119
 2.8272 0.000620457
 2.8272 0.000620394
 2.82723 0.000619793
 2.82723 0.000619589
 2.82725 0.000619128
 2.82727 0.000618782
 2.82728 0.000618461
 2.8273 0.000617972
 2.82731 0.000617793
 2.82734 0.00061716
 2.82734 0.000617123
 2.82736 0.000616451
 2.82737 0.000616345
 2.82739 0.000615777
 2.8274 0.000615527
 2.82742 0.000615102
 2.82744 0.000614707
 2.82745 0.000614425
 2.82747 0.000613884
 2.82748 0.000613747
 2.8275 0.000613067
 2.8275 0.000613058
 2.82753 0.000612385
 2.82754 0.00061223
 2.82756 0.000611701
 2.82757 0.000611399
 2.82759 0.000611016
 2.82761 0.000610565
 2.82762 0.000610329
 2.82764 0.000609729
 2.82764 0.00060964
 2.82767 0.00060895
 2.82767 0.00060889
 2.8277 0.000608258
 2.82771 0.000608048
 2.82773 0.000607564
 2.82774 0.000607204
 2.82776 0.000606869
 2.82778 0.000606357
 2.82778 0.000606172
 2.82781 0.000605507
 2.82781 0.000605473
 2.82784 0.000604773
 2.82784 0.000604655
 2.82787 0.00060407
 2.82788 0.0006038
 2.8279 0.000603366
 2.82791 0.000602942
 2.82792 0.000602661
 2.82795 0.000602081
 2.82795 0.000601953
 2.82798 0.000601244
 2.82798 0.000601218
 2.82801 0.000600534
 2.82802 0.000600352
 2.82804 0.000599821
 2.82805 0.000599483
 2.82807 0.000599107
 2.82808 0.000598612
 2.82809 0.000598391
 2.82812 0.000597737
 2.82812 0.000597673
 2.82815 0.000596954
 2.82815 0.00059686
 2.82818 0.000596232
 2.82819 0.00059598
 2.82821 0.000595509
 2.82822 0.000595098
 2.82824 0.000594785
 2.82826 0.000594212
 2.82826 0.000594058
 2.82829 0.00059333
 2.82829 0.000593324
 2.82832 0.0005926
 2.82833 0.000592433
 2.82835 0.000591868
 2.82836 0.000591539
 2.82838 0.000591135
 2.8284 0.000590642
 2.82841 0.0005904
 2.82843 0.000589743
 2.82844 0.000589663
 2.82846 0.000588924
 2.82847 0.000588841
 2.82849 0.000588184
 2.8285 0.000587936
 2.82852 0.000587441
 2.82854 0.000587028
 2.82855 0.000586697
 2.82857 0.000586117
 2.82858 0.000585951
 2.82861 0.000585204
 2.82861 0.000585203
 2.82864 0.000584454
 2.82864 0.000584287
 2.82867 0.000583703
 2.82868 0.000583367
 2.82869 0.00058295
 2.82871 0.000582445
 2.82872 0.000582196
 2.82875 0.00058152
 2.82875 0.000581439
 2.82878 0.000580681
 2.82878 0.000580592
 2.82881 0.000579921
 2.82882 0.000579661
 2.82884 0.000579159
 2.82885 0.000578727
 2.82887 0.000578395
 2.82889 0.00057779
 2.8289 0.000577629
 2.82893 0.000576862
 2.82893 0.000576851
 2.82895 0.000576093
 2.82896 0.000575908
 2.82898 0.000575322
 2.829 0.000574963
 2.82901 0.000574549
 2.82903 0.000574014
 2.82904 0.000573775
 2.82907 0.000573063
 2.82907 0.000572998
 2.8291 0.00057222
 2.8291 0.000572109
 2.82913 0.00057144
 2.82914 0.000571152
 2.82916 0.000570658
 2.82918 0.000570191
 2.82919 0.000569874
 2.82921 0.000569228
 2.82922 0.000569089
 2.82925 0.000568301
 2.82925 0.000568262
 2.82927 0.000567512
 2.82928 0.000567293
 2.8293 0.000566721
 2.82932 0.000566321
 2.82933 0.000565928
 2.82936 0.000565346
 2.82936 0.000565133
 2.82939 0.000564368
 2.82939 0.000564337
 2.82942 0.000563538
 2.82943 0.000563387
 2.82945 0.000562738
 2.82946 0.000562403
 2.82948 0.000561936
 2.8295 0.000561416
 2.82951 0.000561132
 2.82954 0.000560425
 2.82954 0.000560326
 2.82957 0.000559518
 2.82957 0.000559432
 2.8296 0.000558709
 2.82961 0.000558436
 2.82963 0.000557897
 2.82964 0.000557437
 2.82966 0.000557084
 2.82968 0.000556435
 2.82969 0.000556268
 2.82972 0.000555451
 2.82972 0.000555429
 2.82975 0.000554632
 2.82975 0.000554421
 2.82978 0.000553811
 2.82979 0.000553409
 2.82981 0.000552989
 2.82983 0.000552395
 2.82984 0.000552164
 2.82986 0.000551377
 2.82986 0.000551337
 2.82989 0.000550509
 2.8299 0.000550356
 2.82992 0.000549679
 2.82994 0.000549332
 2.82995 0.000548846
 2.82997 0.000548305
 2.82998 0.000548012
 2.83001 0.000547275
 2.83001 0.000547176
 2.83004 0.000546338
 2.83005 0.000546242
 2.83007 0.000545498
 2.83008 0.000545206
 2.8301 0.000544656
 2.83012 0.000544166
 2.83013 0.000543813
 2.83016 0.000543124
 2.83016 0.000542967
 2.83019 0.000542119
 2.83019 0.000542078
 2.83022 0.00054127
 2.83023 0.000541029
 2.83025 0.000540418
 2.83027 0.000539977
 2.83028 0.000539565
 2.83031 0.000538921
 2.83031 0.00053871
 2.83034 0.000537863
 2.83034 0.000537853
 2.83037 0.000536994
 2.83038 0.000536801
 2.8304 0.000536132
 2.83042 0.000535737
 2.83043 0.000535269
 2.83045 0.000534669
 2.83046 0.000534404
 2.83049 0.000533597
 2.83049 0.000533537
 2.83052 0.000532669
 2.83053 0.000532523
 2.83055 0.000531798
 2.83057 0.000531445
 2.83058 0.000530925
 2.8306 0.000530364
 2.83062 0.00053005
 2.83064 0.00052928
 2.83065 0.000529173
 2.83068 0.000528295
 2.83068 0.000528193
 2.83071 0.000527414
 2.83072 0.000527102
 2.83074 0.000526532
 2.83075 0.000526008
 2.83077 0.000525647
 2.83079 0.000524911
 2.8308 0.00052476
 2.83083 0.000523872
 2.83083 0.000523811
 2.83086 0.000522981
 2.83087 0.000522707
 2.83089 0.000522089
 2.83091 0.0005216
 2.83092 0.000521194
 2.83094 0.00052049
 2.83095 0.000520298
 2.83098 0.000519399
 2.83098 0.000519376
 2.83101 0.000518499
 2.83102 0.000518259
 2.83104 0.000517596
 2.83106 0.000517139
 2.83107 0.000516692
 2.83109 0.000516015
 2.8311 0.000515785
 2.83113 0.000514889
 2.83113 0.000514877
 2.83116 0.000513966
 2.83117 0.000513758
 2.83119 0.000513054
 2.83121 0.000512625
 2.83123 0.000512139
 2.83125 0.000511488
 2.83126 0.000511223
 2.83129 0.000510348
 2.83129 0.000510304
 2.83132 0.000509384
 2.83132 0.000509204
 2.83135 0.000508461
 2.83136 0.000508057
 2.83138 0.000507536
 2.8314 0.000506907
 2.83141 0.00050661
 2.83144 0.000505753
 2.83144 0.000505681
 2.83147 0.00050475
 2.83148 0.000504596
 2.8315 0.000503817
 2.83152 0.000503435
 2.83153 0.000502883
 2.83155 0.000502271
 2.83156 0.000501946
 2.83159 0.000501104
 2.8316 0.000501007
 2.83163 0.000500066
 2.83163 0.000499933
 2.83166 0.000499123
 2.83167 0.000498759
 2.83169 0.000498178
 2.83171 0.000497581
 2.83172 0.000497231
 2.83175 0.0004964
 2.83175 0.000496281
 2.83178 0.00049533
 2.83179 0.000495216
 2.83181 0.000494377
 2.83182 0.000494027
 2.83184 0.000493422
 2.83186 0.000492836
 2.83188 0.000492464
 2.8319 0.000491641
 2.83191 0.000491505
 2.83194 0.000490543
 2.83194 0.000490442
 2.83197 0.000489579
 2.83198 0.000489241
 2.832 0.000488613
 2.83202 0.000488035
 2.83203 0.000487646
 2.83206 0.000486826
 2.83206 0.000486676
 2.83209 0.000485704
 2.8321 0.000485614
 2.83213 0.000484729
 2.83214 0.000484398
 2.83216 0.000483753
 2.83218 0.000483178
 2.83219 0.000482775
 2.83221 0.000481955
 2.83222 0.000481794
 2.83225 0.000480812
 2.83225 0.000480728
 2.83228 0.000479827
 2.83229 0.000479498
 2.83231 0.000478841
 2.83233 0.000478264
 2.83235 0.000477852
 2.83237 0.000477027
 2.83238 0.000476861
 2.83241 0.000475868
 2.83241 0.000475786
 2.83244 0.000474872
 2.83245 0.000474542
 2.83247 0.000473875
 2.83249 0.000473294
 2.8325 0.000472875
 2.83253 0.000472042
 2.83254 0.000471874
 2.83257 0.00047087
 2.83257 0.000470787
 2.8326 0.000469864
 2.83261 0.000469528
 2.83263 0.000468856
 2.83265 0.000468265
 2.83266 0.000467846
 2.83269 0.000466999
 2.83269 0.000466834
 2.83273 0.000465819
 2.83273 0.000465729
 2.83276 0.000464803
 2.83277 0.000464456
 2.83279 0.000463784
 2.83281 0.000463179
 2.83282 0.000462763
 2.83285 0.000461898
 2.83285 0.00046174
 2.83288 0.000460715
 2.83289 0.000460614
 2.83292 0.000459687
 2.83293 0.000459326
 2.83295 0.000458658
 2.83297 0.000458034
 2.83298 0.000457626
 2.83301 0.000456739
 2.83301 0.000456592
 2.83304 0.000455556
 2.83305 0.000455439
 2.83308 0.000454518
 2.83309 0.000454137
 2.83311 0.000453477
 2.83313 0.00045283
 2.83314 0.000452435
 2.83317 0.00045152
 2.83317 0.00045139
 2.8332 0.000450343
 2.83321 0.000450206
 2.83324 0.000449294
 2.83325 0.000448888
 2.83327 0.000448243
 2.83329 0.000447566
 2.8333 0.000447189
 2.83333 0.000446241
 2.83333 0.000446133
 2.83337 0.000445075
 2.83337 0.000444912
 2.8334 0.000444015
 2.83341 0.000443579
 2.83343 0.000442953
 2.83345 0.000442243
 2.83346 0.000441888
 2.83349 0.000440902
 2.83349 0.000440821
 2.83353 0.000439752
 2.83353 0.000439558
 2.83356 0.000438681
 2.83357 0.00043821
 2.83359 0.000437608
 2.83361 0.000436859
 2.83362 0.000436532
 2.83365 0.000435503
 2.83366 0.000435454
 2.83369 0.000434374
 2.8337 0.000434144
 2.83372 0.000433291
 2.83374 0.00043278
 2.83375 0.000432207
 2.83378 0.000431413
 2.83379 0.00043112
 2.83382 0.000430042
 2.83382 0.000430031
 2.83385 0.00042894
 2.83386 0.000428668
 2.83388 0.000427846
 2.8339 0.000427289
 2.83392 0.00042675
 2.83394 0.000425906
 2.83395 0.000425652
 2.83398 0.000424552
 2.83398 0.00042452
 2.83401 0.000423449
 2.83402 0.00042313
 2.83405 0.000422344
 2.83406 0.000421736
 2.83408 0.000421237
 2.83411 0.000420337
 2.83411 0.000420128
 2.83414 0.000419016
 2.83415 0.000418935
 2.83418 0.000417902
 2.83419 0.00041753
 2.83421 0.000416786
 2.83423 0.00041612
 2.83424 0.000415667
 2.83427 0.000414706
 2.83428 0.000414547
 2.83431 0.000413424
 2.83431 0.000413288
 2.83434 0.000412298
 2.83435 0.000411866
 2.83437 0.000411171
 2.8344 0.000410441
 2.83441 0.000410041
 2.83444 0.000409011
 2.83444 0.000408908
 2.83447 0.000407774
 2.83448 0.000407577
 2.83451 0.000406637
 2.83452 0.00040614
 2.83454 0.000405498
 2.83456 0.000404698
 2.83457 0.000404357
 2.8346 0.000403253
 2.83461 0.000403213
 2.83464 0.000402067
 2.83465 0.000401803
 2.83467 0.000400918
 2.83469 0.000400349
 2.8347 0.000399768
 2.83473 0.000398892
 2.83474 0.000398615
 2.83477 0.000397459
 2.83477 0.00039743
 2.8348 0.000396302
 2.83481 0.000395964
 2.83484 0.000395142
 2.83486 0.000394494
 2.83487 0.000393979
 2.8349 0.000393021
 2.8349 0.000392815
 2.83494 0.000391648
 2.83494 0.000391543
 2.83497 0.000390478
 2.83498 0.000390061
 2.835 0.000389307
 2.83502 0.000388575
 2.83504 0.000388133
 2.83507 0.000387084
 2.83507 0.000386956
 2.8351 0.000385778
 2.83511 0.00038559
 2.83514 0.000384597
 2.83515 0.000384092
 2.83517 0.000383413
 2.83519 0.000382589
 2.8352 0.000382227
 2.83524 0.000381083
 2.83524 0.000381039
 2.83527 0.000379849
 2.83528 0.000379572
 2.8353 0.000378656
 2.83532 0.000378057
 2.83534 0.00037746
 2.83536 0.000376538
 2.83537 0.000376263
 2.8354 0.000375063
 2.83541 0.000375014
 2.83544 0.00037386
 2.83545 0.000373487
 2.83547 0.000372656
 2.83549 0.000371955
 2.83551 0.000371448
 2.83553 0.00037042
 2.83554 0.000370239
 2.83557 0.000369027
 2.83558 0.00036888
 2.83561 0.000367813
 2.83562 0.000367335
 2.83564 0.000366596
 2.83566 0.000365787
 2.83567 0.000365377
 2.83571 0.000364234
 2.83571 0.000364155
 2.83574 0.000362931
 2.83575 0.000362678
 2.83577 0.000361705
 2.83579 0.000361116
 2.83581 0.000360476
 2.83583 0.000359551
 2.83584 0.000359245
 2.83588 0.000358011
 2.83588 0.000357981
 2.83591 0.000356775
 2.83592 0.000356408
 2.83594 0.000355537
 2.83596 0.000354829
 2.83598 0.000354296
 2.83601 0.000353247
 2.83601 0.000353053
 2.83605 0.000351807
 2.83605 0.00035166
 2.83608 0.000350559
 2.83609 0.000350069
 2.83611 0.000349308
 2.83614 0.000348474
 2.83615 0.000348055
 2.83618 0.000346874
 2.83618 0.0003468
 2.83622 0.000345542
 2.83622 0.00034527
 2.83625 0.000344281
 2.83627 0.000343662
 2.83628 0.000343019
 2.83631 0.00034205
 2.83632 0.000341753
 2.83635 0.000340485
 2.83635 0.000340433
 2.83639 0.000339215
 2.8364 0.000338811
 2.83642 0.000337943
 2.83644 0.000337185
 2.83645 0.000336667
 2.83648 0.000335555
 2.83649 0.00033539
 2.83652 0.00033411
 2.83653 0.000333921
 2.83656 0.000332827
 2.83657 0.000332282
 2.83659 0.000331542
 2.83662 0.000330639
 2.83663 0.000330255
 2.83666 0.000328991
 2.83666 0.000328965
 2.83669 0.000327672
 2.8367 0.000327339
 2.83673 0.000326377
 2.83675 0.000325682
 2.83676 0.00032508
 2.83679 0.000324021
 2.8368 0.00032378
 2.83683 0.000322477
 2.83684 0.000322356
 2.83687 0.000321172
 2.83688 0.000320686
 2.8369 0.000319865
 2.83692 0.000319012
 2.83694 0.000318555
 2.83697 0.000317333
 2.83697 0.000317242
 2.837 0.000315927
 2.83701 0.00031565
 2.83704 0.00031461
 2.83706 0.000313962
 2.83707 0.00031329
 2.8371 0.00031227
 2.83711 0.000311967
 2.83714 0.000310642
 2.83715 0.000310573
 2.83718 0.000309315
 2.83719 0.000308872
 2.83721 0.000307985
 2.83723 0.000307166
 2.83725 0.000306652
 2.83728 0.000305455
 2.83728 0.000305317
 2.83732 0.000303979
 2.83732 0.00030374
 2.83735 0.000302639
 2.83737 0.000302021
 2.83739 0.000301296
 2.83741 0.000300297
 2.83742 0.00029995
 2.83746 0.000298603
 2.83746 0.000298568
 2.83749 0.000297252
 2.8375 0.000296835
 2.83753 0.000295899
 2.83755 0.000295097
 2.83756 0.000294543
 2.83759 0.000293355
 2.8376 0.000293185
 2.83763 0.000291825
 2.83764 0.000291608
 2.83767 0.000290461
 2.83768 0.000289856
 2.8377 0.000289095
 2.83773 0.0002881
 2.83774 0.000287727
 2.83777 0.000286356
 2.83777 0.000286339
 2.83781 0.000284982
 2.83782 0.000284574
 2.83784 0.000283606
 2.83786 0.000282804
 2.83788 0.000282228
 2.83791 0.000281029
 2.83791 0.000280846
 2.83795 0.000279462
 2.83795 0.000279249
 2.83798 0.000278076
 2.838 0.000277465
 2.83802 0.000276687
 2.83804 0.000275676
 2.83805 0.000275295
 2.83809 0.000273901
 2.83809 0.000273883
 2.83812 0.000272504
 2.83813 0.000272084
 2.83816 0.000271104
 2.83818 0.000270281
 2.83819 0.000269702
 2.83822 0.000268474
 2.83823 0.000268297
 2.83826 0.00026689
 2.83827 0.000266661
 2.8383 0.00026548
 2.83831 0.000264844
 2.83833 0.000264067
 2.83836 0.000263022
 2.83837 0.000262652
 2.8384 0.000261234
 2.8384 0.000261195
 2.83844 0.000259814
 2.83845 0.000259364
 2.83847 0.000258391
 2.8385 0.000257528
 2.83851 0.000256965
 2.83854 0.000255687
 2.83855 0.000255536
 2.83858 0.000254105
 2.83859 0.000253841
 2.83862 0.000252672
 2.83863 0.00025199
 2.83865 0.000251235
 2.83868 0.000250135
 2.83869 0.000249796
 2.83872 0.000248355
 2.83873 0.000248274
 2.83876 0.00024691
 2.83877 0.000246409
 2.83879 0.000245463
 2.83882 0.000244539
 2.83883 0.000244014
 2.83886 0.000242664
 2.83887 0.000242561
 2.8389 0.000241106
 2.83891 0.000240784
 2.83894 0.000239649
 2.83896 0.0002389
 2.83897 0.000238188
 2.839 0.00023701
 2.83901 0.000236725
 2.83904 0.00023526
 2.83905 0.000235116
 2.83908 0.000233791
 2.83909 0.000233217
 2.83912 0.00023232
 2.83914 0.000231313
 2.83915 0.000230847
 2.83919 0.000229403
 2.83919 0.00022937
 2.83922 0.000227891
 2.83923 0.000227489
 2.83926 0.000226409
 2.83928 0.00022557
 2.8393 0.000224925
 2.83933 0.000223646
 2.83933 0.000223437
 2.83937 0.000221948
 2.83937 0.000221718
 2.8394 0.000220455
 2.83942 0.000219784
 2.83944 0.000218959
 2.83947 0.000217845
 2.83947 0.000217461
 2.83951 0.000215961
 2.83951 0.000215901
 2.83955 0.000214457
 2.83956 0.000213952
 2.83958 0.000212951
 2.83961 0.000211998
 2.83962 0.000211442
 2.83965 0.00021004
 2.83966 0.00020993
 2.83969 0.000208416
 2.8397 0.000208076
 2.83973 0.000206899
 2.83975 0.000206107
 2.83976 0.000205379
 2.83979 0.000204133
 2.8398 0.000203856
 2.83984 0.000202331
 2.83984 0.000202154
 2.83987 0.000200802
 2.83989 0.00020017
 2.83991 0.000199271
 2.83993 0.00019818
 2.83994 0.000197738
 2.83998 0.000196201
 2.83998 0.000196186
 2.84002 0.000194662
 2.84003 0.000194187
 2.84005 0.00019312
 2.84008 0.000192182
 2.84009 0.000191576
 2.84012 0.000190173
 2.84013 0.000190028
 2.84016 0.000188478
 2.84017 0.000188158
 2.8402 0.000186925
 2.84022 0.000186138
 2.84024 0.000185369
 2.84027 0.000184113
 2.84027 0.00018381
 2.84031 0.000182249
 2.84031 0.000182083
 2.84035 0.000180685
 2.84036 0.000180048
 2.84038 0.000179118
 2.84041 0.000178008
 2.84042 0.000177548
 2.84045 0.000175976
 2.84046 0.000175962
 2.84049 0.0001744
 2.8405 0.000173911
 2.84053 0.000172822
 2.84055 0.000171855
 2.84056 0.000171241
 2.8406 0.000169794
 2.8406 0.000169657
 2.84064 0.000168071
 2.84065 0.000167728
 2.84067 0.000166481
 2.84069 0.000165656
 2.84071 0.000164889
 2.84074 0.000163579
 2.84075 0.000163294
 2.84078 0.000161696
 2.84079 0.000161497
 2.84082 0.000160096
 2.84084 0.000159409
 2.84086 0.000158492
 2.84089 0.000157317
 2.8409 0.000156886
 2.84093 0.000155277
 2.84093 0.000155219
 2.84097 0.000153665
 2.84098 0.000153115
 2.84101 0.00015205
 2.84103 0.000151007
 2.84104 0.000150432
 2.84108 0.000148893
 2.84108 0.000148812
 2.84112 0.000147188
 2.84113 0.000146774
 2.84115 0.000145562
 2.84117 0.000144649
 2.84119 0.000143933
 2.84122 0.000142519
 2.84123 0.000142301
 2.84126 0.000140666
 2.84127 0.000140384
 2.8413 0.000139029
 2.84132 0.000138244
 2.84134 0.000137388
 2.84137 0.000136098
 2.84138 0.000135745
 2.84141 0.000134098
 2.84142 0.000133946
 2.84145 0.000132449
 2.84146 0.00013179
 2.84149 0.000130797
 2.84151 0.000129628
 2.84152 0.000129142
 2.84156 0.000127485
 2.84156 0.00012746
 2.8416 0.000125824
 2.84161 0.000125287
 2.84164 0.00012416
 2.84166 0.000123109
 2.84167 0.000122494
 2.84171 0.000120925
 2.84171 0.000120824
 2.84175 0.000119152
 2.84176 0.000118736
 2.84178 0.000117477
 2.84181 0.000116541
 2.84182 0.000115799
 2.84185 0.000114341
 2.84186 0.000114118
 2.8419 0.000112434
 2.8419 0.000112135
 2.84193 0.000110747
 2.84195 0.000109924
 2.84197 0.000109058
 2.842 0.000107707
 2.84201 0.000107365
 2.84205 0.000105669
 2.84205 0.000105485
 2.84208 0.000103971
 2.8421 0.000103257
 2.84212 0.000102269
 2.84215 0.000101024
 2.84216 0.000100565
 2.8422 9.88578e-05
 2.8422 9.87854e-05
 2.84223 9.71476e-05
 2.84225 9.65411e-05
 2.84227 9.54344e-05
 2.8423 9.42912e-05
 2.84231 9.37183e-05
 2.84235 9.20358e-05
 2.84235 9.19992e-05
 2.84238 9.02772e-05
 2.8424 8.97747e-05
 2.84242 8.85522e-05
 2.84244 8.75081e-05
 2.84246 8.68243e-05
 2.84249 8.52359e-05
 2.8425 8.50934e-05
 2.84253 8.33596e-05
 2.84254 8.2958e-05
 2.84257 8.16228e-05
 2.84259 8.06746e-05
 2.84261 7.9883e-05
 2.84264 7.83855e-05
 2.84265 7.81402e-05
 2.84269 7.63945e-05
 2.84269 7.60907e-05
 2.84272 7.46458e-05
 2.84274 7.37903e-05
 2.84276 7.28941e-05
 2.84279 7.14843e-05
 2.8428 7.11395e-05
 2.84284 6.93818e-05
 2.84284 6.91725e-05
 2.84288 6.76212e-05
 2.84289 6.68551e-05
 2.84291 6.58575e-05
 2.84294 6.4532e-05
 2.84295 6.40909e-05
 2.84299 6.23213e-05
 2.84299 6.22031e-05
 2.84303 6.05487e-05
 2.84304 5.98686e-05
 2.84306 5.8773e-05
 2.84309 5.75283e-05
 2.8431 5.69944e-05
 2.84314 5.52127e-05
 2.84314 5.51823e-05
 2.84318 5.34281e-05
 2.84319 5.28305e-05
 2.84322 5.16404e-05
 2.84324 5.0473e-05
 2.84326 4.98497e-05
 2.84329 4.81097e-05
 2.84329 4.8056e-05
 2.84333 4.62592e-05
 2.84334 4.57406e-05
 2.84337 4.44595e-05
 2.84339 4.33658e-05
 2.84341 4.26567e-05
 2.84344 4.09851e-05
 2.84345 4.08508e-05
 2.84348 3.90419e-05
 2.84349 3.85986e-05
 2.84352 3.723e-05
 2.84354 3.62063e-05
 2.84356 3.54151e-05
 2.84359 3.38082e-05
 2.8436 3.35971e-05
 2.84364 3.1776e-05
 2.84364 3.14042e-05
 2.84368 2.99519e-05
 2.8437 2.89944e-05
 2.84371 2.81247e-05
 2.84375 2.65787e-05
 2.84375 2.62945e-05
 2.84379 2.44612e-05
 2.8438 2.41571e-05
 2.84383 2.26249e-05
 2.84385 2.17296e-05
 2.84387 2.07855e-05
 2.8439 1.92963e-05
 2.84391 1.8943e-05
 2.84394 1.70974e-05
 2.84395 1.6857e-05
 2.84398 1.52488e-05
 2.844 1.44118e-05
 2.84402 1.33971e-05
 2.84405 1.19607e-05
 2.84406 1.15423e-05
 2.8441 9.68441e-06
 2.8441 9.50369e-06
 2.84414 7.82344e-06
 2.84415 7.04069e-06
 2.84418 5.95938e-06
 2.8442 4.57173e-06
 2.84421 4.09223e-06
 2.84425 2.22198e-06
 2.84426 2.09679e-06
 2.84429 3.48624e-07
 2.84461 0
 3.8 0
