 0.641 0
 2.57405 0
 2.57436 0.00126799
 2.57436 0.00126799
 2.57436 0.00126799
 2.57436 0.00126799
 2.57436 0.00126799
 2.57436 0.00126799
 2.57436 0.00126799
 2.57436 0.00126799
 2.57436 0.00126799
 2.57436 0.00126799
 2.57436 0.00126799
 2.57436 0.00126799
 2.57436 0.00126799
 2.57437 0.00126799
 2.57437 0.00126799
 2.57437 0.00126799
 2.57437 0.00126799
 2.57437 0.00126799
 2.57437 0.00126799
 2.57437 0.00126799
 2.57437 0.00126799
 2.57437 0.00126799
 2.57437 0.00126799
 2.57437 0.00126798
 2.57437 0.00126798
 2.57437 0.00126798
 2.57437 0.00126798
 2.57437 0.00126798
 2.57437 0.00126798
 2.57437 0.00126798
 2.57437 0.00126798
 2.57437 0.00126798
 2.57437 0.00126797
 2.57437 0.00126797
 2.57437 0.00126797
 2.57437 0.00126797
 2.57437 0.00126797
 2.57437 0.00126797
 2.57437 0.00126797
 2.57437 0.00126797
 2.57437 0.00126796
 2.57437 0.00126796
 2.57437 0.00126796
 2.57437 0.00126796
 2.57437 0.00126796
 2.57437 0.00126796
 2.57437 0.00126795
 2.57437 0.00126795
 2.57437 0.00126795
 2.57437 0.00126795
 2.57438 0.00126795
 2.57438 0.00126794
 2.57438 0.00126794
 2.57438 0.00126794
 2.57438 0.00126794
 2.57438 0.00126794
 2.57438 0.00126793
 2.57438 0.00126793
 2.57438 0.00126793
 2.57438 0.00126793
 2.57438 0.00126793
 2.57438 0.00126792
 2.57438 0.00126792
 2.57438 0.00126792
 2.57438 0.00126792
 2.57438 0.00126791
 2.57438 0.00126791
 2.57438 0.00126791
 2.57438 0.00126791
 2.57438 0.0012679
 2.57439 0.0012679
 2.57439 0.0012679
 2.57439 0.0012679
 2.57439 0.00126789
 2.57439 0.00126789
 2.57439 0.00126789
 2.57439 0.00126788
 2.57439 0.00126788
 2.57439 0.00126788
 2.57439 0.00126788
 2.57439 0.00126787
 2.57439 0.00126787
 2.57439 0.00126787
 2.57439 0.00126786
 2.57439 0.00126786
 2.5744 0.00126786
 2.5744 0.00126785
 2.5744 0.00126785
 2.5744 0.00126785
 2.5744 0.00126784
 2.5744 0.00126784
 2.5744 0.00126784
 2.5744 0.00126783
 2.5744 0.00126783
 2.5744 0.00126783
 2.5744 0.00126782
 2.5744 0.00126782
 2.5744 0.00126782
 2.57441 0.00126781
 2.57441 0.00126781
 2.57441 0.0012678
 2.57441 0.0012678
 2.57441 0.0012678
 2.57441 0.00126779
 2.57441 0.00126779
 2.57441 0.00126778
 2.57441 0.00126778
 2.57441 0.00126778
 2.57441 0.00126777
 2.57441 0.00126777
 2.57442 0.00126776
 2.57442 0.00126776
 2.57442 0.00126775
 2.57442 0.00126775
 2.57442 0.00126774
 2.57442 0.00126774
 2.57442 0.00126774
 2.57442 0.00126773
 2.57442 0.00126773
 2.57442 0.00126772
 2.57443 0.00126772
 2.57443 0.00126772
 2.57443 0.00126771
 2.57443 0.00126771
 2.57443 0.0012677
 2.57443 0.0012677
 2.57443 0.00126769
 2.57443 0.00126769
 2.57443 0.00126768
 2.57443 0.00126768
 2.57444 0.00126767
 2.57444 0.00126767
 2.57444 0.00126766
 2.57444 0.00126766
 2.57444 0.00126765
 2.57444 0.00126765
 2.57444 0.00126764
 2.57444 0.00126764
 2.57445 0.00126763
 2.57445 0.00126763
 2.57445 0.00126762
 2.57445 0.00126761
 2.57445 0.0012676
 2.57445 0.0012676
 2.57445 0.00126759
 2.57445 0.00126759
 2.57446 0.00126758
 2.57446 0.00126758
 2.57446 0.00126757
 2.57446 0.00126757
 2.57446 0.00126756
 2.57446 0.00126756
 2.57446 0.00126755
 2.57446 0.00126755
 2.57447 0.00126753
 2.57447 0.00126753
 2.57447 0.00126752
 2.57447 0.00126752
 2.57447 0.00126751
 2.57447 0.00126751
 2.57447 0.0012675
 2.57447 0.0012675
 2.57448 0.00126748
 2.57448 0.00126748
 2.57448 0.00126747
 2.57448 0.00126747
 2.57448 0.00126746
 2.57448 0.00126746
 2.57448 0.00126744
 2.57448 0.00126744
 2.57449 0.00126743
 2.57449 0.00126743
 2.57449 0.00126742
 2.57449 0.00126742
 2.57449 0.0012674
 2.57449 0.0012674
 2.5745 0.00126739
 2.5745 0.00126739
 2.5745 0.00126738
 2.5745 0.00126737
 2.5745 0.00126736
 2.5745 0.00126736
 2.5745 0.00126735
 2.57451 0.00126734
 2.57451 0.00126733
 2.57451 0.00126733
 2.57451 0.00126732
 2.57451 0.00126731
 2.57451 0.0012673
 2.57452 0.0012673
 2.57452 0.00126729
 2.57452 0.00126728
 2.57452 0.00126727
 2.57452 0.00126727
 2.57452 0.00126726
 2.57452 0.00126725
 2.57453 0.00126724
 2.57453 0.00126724
 2.57453 0.00126723
 2.57453 0.00126722
 2.57453 0.00126721
 2.57453 0.0012672
 2.57454 0.00126719
 2.57454 0.00126719
 2.57454 0.00126718
 2.57454 0.00126717
 2.57454 0.00126716
 2.57455 0.00126715
 2.57455 0.00126714
 2.57455 0.00126714
 2.57455 0.00126713
 2.57455 0.00126712
 2.57455 0.00126711
 2.57456 0.0012671
 2.57456 0.00126709
 2.57456 0.00126708
 2.57456 0.00126708
 2.57456 0.00126706
 2.57456 0.00126706
 2.57457 0.00126705
 2.57457 0.00126704
 2.57457 0.00126703
 2.57457 0.00126702
 2.57457 0.00126701
 2.57458 0.001267
 2.57458 0.00126699
 2.57458 0.00126698
 2.57458 0.00126697
 2.57458 0.00126697
 2.57459 0.00126695
 2.57459 0.00126695
 2.57459 0.00126693
 2.57459 0.00126693
 2.57459 0.00126691
 2.57459 0.00126691
 2.5746 0.00126689
 2.5746 0.00126689
 2.5746 0.00126687
 2.5746 0.00126687
 2.57461 0.00126685
 2.57461 0.00126685
 2.57461 0.00126683
 2.57461 0.00126683
 2.57461 0.00126681
 2.57461 0.00126681
 2.57462 0.00126679
 2.57462 0.00126679
 2.57462 0.00126677
 2.57462 0.00126677
 2.57463 0.00126675
 2.57463 0.00126675
 2.57463 0.00126673
 2.57463 0.00126673
 2.57464 0.00126671
 2.57464 0.0012667
 2.57464 0.00126668
 2.57464 0.00126668
 2.57464 0.00126666
 2.57464 0.00126666
 2.57465 0.00126664
 2.57465 0.00126664
 2.57465 0.00126662
 2.57465 0.00126661
 2.57466 0.0012666
 2.57466 0.00126659
 2.57466 0.00126657
 2.57466 0.00126657
 2.57467 0.00126655
 2.57467 0.00126655
 2.57467 0.00126653
 2.57467 0.00126652
 2.57467 0.00126651
 2.57468 0.0012665
 2.57468 0.00126648
 2.57468 0.00126647
 2.57468 0.00126646
 2.57469 0.00126645
 2.57469 0.00126644
 2.57469 0.00126643
 2.57469 0.00126641
 2.5747 0.0012664
 2.5747 0.00126639
 2.5747 0.00126638
 2.5747 0.00126636
 2.5747 0.00126635
 2.57471 0.00126634
 2.57471 0.00126632
 2.57471 0.00126631
 2.57471 0.0012663
 2.57472 0.00126629
 2.57472 0.00126627
 2.57472 0.00126626
 2.57472 0.00126625
 2.57473 0.00126624
 2.57473 0.00126622
 2.57473 0.00126621
 2.57473 0.00126619
 2.57474 0.00126619
 2.57474 0.00126617
 2.57474 0.00126616
 2.57474 0.00126614
 2.57475 0.00126613
 2.57475 0.00126611
 2.57475 0.00126611
 2.57476 0.00126608
 2.57476 0.00126608
 2.57476 0.00126606
 2.57476 0.00126605
 2.57477 0.00126603
 2.57477 0.00126603
 2.57477 0.001266
 2.57477 0.001266
 2.57478 0.00126597
 2.57478 0.00126597
 2.57478 0.00126594
 2.57478 0.00126594
 2.57479 0.00126591
 2.57479 0.00126591
 2.57479 0.00126589
 2.57479 0.00126588
 2.5748 0.00126586
 2.5748 0.00126585
 2.5748 0.00126583
 2.5748 0.00126582
 2.57481 0.0012658
 2.57481 0.00126579
 2.57481 0.00126577
 2.57481 0.00126576
 2.57482 0.00126574
 2.57482 0.00126573
 2.57482 0.00126571
 2.57483 0.0012657
 2.57483 0.00126568
 2.57483 0.00126567
 2.57484 0.00126565
 2.57484 0.00126564
 2.57484 0.00126562
 2.57484 0.00126561
 2.57485 0.00126559
 2.57485 0.00126558
 2.57485 0.00126556
 2.57485 0.00126554
 2.57486 0.00126553
 2.57486 0.00126551
 2.57486 0.00126549
 2.57487 0.00126548
 2.57487 0.00126546
 2.57487 0.00126544
 2.57487 0.00126543
 2.57488 0.00126541
 2.57488 0.0012654
 2.57488 0.00126538
 2.57489 0.00126537
 2.57489 0.00126534
 2.57489 0.00126533
 2.5749 0.00126531
 2.5749 0.0012653
 2.5749 0.00126527
 2.5749 0.00126527
 2.57491 0.00126524
 2.57491 0.00126523
 2.57491 0.0012652
 2.57492 0.0012652
 2.57492 0.00126517
 2.57492 0.00126517
 2.57493 0.00126513
 2.57493 0.00126513
 2.57493 0.0012651
 2.57493 0.0012651
 2.57494 0.00126506
 2.57494 0.00126506
 2.57495 0.00126503
 2.57495 0.00126502
 2.57495 0.00126499
 2.57495 0.00126499
 2.57496 0.00126496
 2.57496 0.00126495
 2.57496 0.00126492
 2.57497 0.00126491
 2.57497 0.00126488
 2.57497 0.00126488
 2.57498 0.00126485
 2.57498 0.00126484
 2.57498 0.00126481
 2.57499 0.0012648
 2.57499 0.00126477
 2.57499 0.00126476
 2.575 0.00126474
 2.575 0.00126472
 2.575 0.0012647
 2.57501 0.00126468
 2.57501 0.00126466
 2.57501 0.00126464
 2.57502 0.00126462
 2.57502 0.0012646
 2.57502 0.00126458
 2.57503 0.00126456
 2.57503 0.00126454
 2.57503 0.00126452
 2.57504 0.00126451
 2.57504 0.00126448
 2.57504 0.00126447
 2.57505 0.00126444
 2.57505 0.00126443
 2.57505 0.0012644
 2.57506 0.00126439
 2.57506 0.00126436
 2.57506 0.00126435
 2.57507 0.00126431
 2.57507 0.00126431
 2.57507 0.00126427
 2.57508 0.00126426
 2.57508 0.00126423
 2.57508 0.00126422
 2.57509 0.00126418
 2.57509 0.00126418
 2.5751 0.00126414
 2.5751 0.00126414
 2.5751 0.0012641
 2.5751 0.0012641
 2.57511 0.00126406
 2.57511 0.00126405
 2.57512 0.00126401
 2.57512 0.00126401
 2.57512 0.00126397
 2.57512 0.00126396
 2.57513 0.00126393
 2.57513 0.00126392
 2.57514 0.00126388
 2.57514 0.00126387
 2.57514 0.00126384
 2.57515 0.00126383
 2.57515 0.0012638
 2.57515 0.00126378
 2.57516 0.00126375
 2.57516 0.00126373
 2.57517 0.00126371
 2.57517 0.00126369
 2.57517 0.00126366
 2.57518 0.00126364
 2.57518 0.00126362
 2.57518 0.00126359
 2.57519 0.00126357
 2.57519 0.00126354
 2.57519 0.00126353
 2.5752 0.0012635
 2.5752 0.00126348
 2.57521 0.00126345
 2.57521 0.00126343
 2.57521 0.0012634
 2.57522 0.00126339
 2.57522 0.00126335
 2.57522 0.00126334
 2.57523 0.0012633
 2.57523 0.00126329
 2.57524 0.00126325
 2.57524 0.00126324
 2.57525 0.0012632
 2.57525 0.00126319
 2.57525 0.00126315
 2.57525 0.00126315
 2.57526 0.0012631
 2.57526 0.0012631
 2.57527 0.00126305
 2.57527 0.00126304
 2.57528 0.001263
 2.57528 0.00126299
 2.57528 0.00126295
 2.57529 0.00126294
 2.57529 0.0012629
 2.57529 0.00126289
 2.5753 0.00126285
 2.5753 0.00126283
 2.57531 0.0012628
 2.57531 0.00126278
 2.57532 0.00126275
 2.57532 0.00126273
 2.57532 0.00126269
 2.57533 0.00126267
 2.57533 0.00126264
 2.57534 0.00126262
 2.57534 0.00126259
 2.57534 0.00126256
 2.57535 0.00126254
 2.57535 0.00126251
 2.57535 0.00126248
 2.57536 0.00126245
 2.57536 0.00126243
 2.57537 0.00126239
 2.57537 0.00126238
 2.57538 0.00126234
 2.57538 0.00126232
 2.57539 0.00126228
 2.57539 0.00126227
 2.57539 0.00126222
 2.5754 0.00126221
 2.5754 0.00126216
 2.5754 0.00126216
 2.57541 0.00126211
 2.57541 0.0012621
 2.57542 0.00126205
 2.57542 0.00126205
 2.57543 0.00126199
 2.57543 0.00126199
 2.57544 0.00126194
 2.57544 0.00126193
 2.57544 0.00126188
 2.57545 0.00126187
 2.57545 0.00126182
 2.57545 0.00126181
 2.57546 0.00126176
 2.57546 0.00126175
 2.57547 0.00126171
 2.57547 0.00126168
 2.57548 0.00126165
 2.57548 0.00126162
 2.57549 0.00126159
 2.57549 0.00126156
 2.57549 0.00126153
 2.5755 0.0012615
 2.5755 0.00126147
 2.57551 0.00126143
 2.57551 0.00126141
 2.57552 0.00126137
 2.57552 0.00126135
 2.57553 0.00126131
 2.57553 0.00126129
 2.57554 0.00126124
 2.57554 0.00126123
 2.57554 0.00126118
 2.57555 0.00126117
 2.57555 0.00126111
 2.57555 0.00126111
 2.57556 0.00126105
 2.57556 0.00126104
 2.57557 0.00126098
 2.57557 0.00126098
 2.57558 0.00126092
 2.57558 0.00126091
 2.57559 0.00126085
 2.57559 0.00126085
 2.5756 0.00126079
 2.5756 0.00126078
 2.57561 0.00126073
 2.57561 0.00126071
 2.57562 0.00126066
 2.57562 0.00126064
 2.57563 0.0012606
 2.57563 0.00126057
 2.57563 0.00126053
 2.57564 0.0012605
 2.57564 0.00126047
 2.57565 0.00126043
 2.57565 0.0012604
 2.57566 0.00126036
 2.57566 0.00126033
 2.57567 0.00126029
 2.57567 0.00126027
 2.57568 0.00126022
 2.57568 0.0012602
 2.57569 0.00126015
 2.57569 0.00126013
 2.5757 0.00126008
 2.5757 0.00126006
 2.57571 0.00126
 2.57571 0.00125999
 2.57572 0.00125993
 2.57572 0.00125992
 2.57573 0.00125986
 2.57573 0.00125985
 2.57574 0.00125978
 2.57574 0.00125978
 2.57574 0.00125971
 2.57575 0.00125971
 2.57575 0.00125964
 2.57576 0.00125963
 2.57576 0.00125957
 2.57577 0.00125956
 2.57577 0.0012595
 2.57578 0.00125948
 2.57578 0.00125943
 2.57579 0.0012594
 2.57579 0.00125936
 2.5758 0.00125933
 2.5758 0.00125928
 2.57581 0.00125925
 2.57581 0.00125921
 2.57582 0.00125917
 2.57582 0.00125914
 2.57583 0.00125909
 2.57583 0.00125906
 2.57584 0.00125901
 2.57584 0.00125899
 2.57585 0.00125893
 2.57585 0.00125891
 2.57586 0.00125885
 2.57586 0.00125884
 2.57587 0.00125877
 2.57587 0.00125876
 2.57588 0.00125869
 2.57588 0.00125868
 2.57589 0.00125861
 2.57589 0.00125861
 2.5759 0.00125853
 2.5759 0.00125852
 2.57591 0.00125845
 2.57591 0.00125844
 2.57592 0.00125837
 2.57592 0.00125836
 2.57593 0.00125829
 2.57593 0.00125827
 2.57594 0.00125821
 2.57594 0.00125819
 2.57595 0.00125813
 2.57595 0.0012581
 2.57596 0.00125805
 2.57596 0.00125802
 2.57597 0.00125797
 2.57597 0.00125793
 2.57598 0.00125789
 2.57598 0.00125784
 2.57599 0.00125781
 2.57599 0.00125775
 2.576 0.00125773
 2.57601 0.00125767
 2.57601 0.00125765
 2.57602 0.00125758
 2.57602 0.00125756
 2.57603 0.00125749
 2.57603 0.00125748
 2.57604 0.0012574
 2.57604 0.00125739
 2.57605 0.00125731
 2.57605 0.00125731
 2.57606 0.00125722
 2.57606 0.00125722
 2.57607 0.00125714
 2.57607 0.00125713
 2.57608 0.00125705
 2.57608 0.00125703
 2.57609 0.00125697
 2.57609 0.00125694
 2.5761 0.00125688
 2.5761 0.00125685
 2.57611 0.00125679
 2.57612 0.00125675
 2.57612 0.0012567
 2.57613 0.00125666
 2.57613 0.00125662
 2.57614 0.00125656
 2.57614 0.00125653
 2.57615 0.00125647
 2.57615 0.00125644
 2.57616 0.00125637
 2.57616 0.00125635
 2.57617 0.00125627
 2.57617 0.00125626
 2.57618 0.00125618
 2.57619 0.00125617
 2.5762 0.00125608
 2.5762 0.00125607
 2.57621 0.00125598
 2.57621 0.00125598
 2.57622 0.00125589
 2.57622 0.00125588
 2.57623 0.0012558
 2.57623 0.00125578
 2.57624 0.0012557
 2.57624 0.00125568
 2.57625 0.00125561
 2.57625 0.00125558
 2.57626 0.00125551
 2.57626 0.00125548
 2.57627 0.00125542
 2.57628 0.00125537
 2.57628 0.00125532
 2.57629 0.00125527
 2.57629 0.00125523
 2.5763 0.00125517
 2.5763 0.00125513
 2.57631 0.00125506
 2.57632 0.00125503
 2.57632 0.00125496
 2.57633 0.00125493
 2.57634 0.00125485
 2.57634 0.00125484
 2.57635 0.00125474
 2.57635 0.00125474
 2.57636 0.00125464
 2.57636 0.00125464
 2.57637 0.00125454
 2.57637 0.00125453
 2.57638 0.00125444
 2.57638 0.00125442
 2.57639 0.00125433
 2.5764 0.00125431
 2.5764 0.00125423
 2.57641 0.0012542
 2.57642 0.00125413
 2.57642 0.00125409
 2.57643 0.00125403
 2.57643 0.00125398
 2.57644 0.00125392
 2.57645 0.00125387
 2.57645 0.00125382
 2.57646 0.00125376
 2.57646 0.00125372
 2.57647 0.00125364
 2.57647 0.00125361
 2.57648 0.00125353
 2.57648 0.0012535
 2.57649 0.00125341
 2.5765 0.0012534
 2.57651 0.0012533
 2.57651 0.00125329
 2.57652 0.00125318
 2.57652 0.00125318
 2.57653 0.00125308
 2.57653 0.00125307
 2.57654 0.00125297
 2.57654 0.00125295
 2.57655 0.00125286
 2.57656 0.00125283
 2.57657 0.00125275
 2.57657 0.00125271
 2.57658 0.00125264
 2.57658 0.00125259
 2.57659 0.00125253
 2.5766 0.00125247
 2.5766 0.00125241
 2.57661 0.00125235
 2.57661 0.0012523
 2.57662 0.00125223
 2.57662 0.00125219
 2.57663 0.00125211
 2.57664 0.00125208
 2.57665 0.00125198
 2.57665 0.00125196
 2.57666 0.00125186
 2.57666 0.00125185
 2.57667 0.00125174
 2.57667 0.00125173
 2.57668 0.00125162
 2.57669 0.00125161
 2.5767 0.0012515
 2.5767 0.00125148
 2.57671 0.00125138
 2.57671 0.00125136
 2.57672 0.00125127
 2.57672 0.00125123
 2.57673 0.00125115
 2.57674 0.0012511
 2.57675 0.00125103
 2.57675 0.00125097
 2.57676 0.00125091
 2.57676 0.00125084
 2.57677 0.00125079
 2.57678 0.00125071
 2.57678 0.00125067
 2.57679 0.00125058
 2.57679 0.00125055
 2.5768 0.00125045
 2.57681 0.00125042
 2.57682 0.00125032
 2.57682 0.0012503
 2.57683 0.00125018
 2.57683 0.00125018
 2.57684 0.00125005
 2.57684 0.00125005
 2.57686 0.00124993
 2.57686 0.00124991
 2.57687 0.0012498
 2.57687 0.00124978
 2.57688 0.00124968
 2.57688 0.00124964
 2.57689 0.00124955
 2.5769 0.0012495
 2.57691 0.00124942
 2.57691 0.00124936
 2.57692 0.0012493
 2.57693 0.00124922
 2.57693 0.00124917
 2.57694 0.00124908
 2.57694 0.00124904
 2.57695 0.00124894
 2.57696 0.00124891
 2.57697 0.0012488
 2.57697 0.00124878
 2.57698 0.00124866
 2.57698 0.00124865
 2.57699 0.00124851
 2.57699 0.00124851
 2.57701 0.00124838
 2.57701 0.00124837
 2.57702 0.00124825
 2.57702 0.00124822
 2.57703 0.00124812
 2.57704 0.00124808
 2.57705 0.00124798
 2.57705 0.00124793
 2.57706 0.00124785
 2.57706 0.00124778
 2.57707 0.00124771
 2.57708 0.00124764
 2.57708 0.00124757
 2.57709 0.00124749
 2.5771 0.00124744
 2.57711 0.00124734
 2.57711 0.0012473
 2.57712 0.00124719
 2.57712 0.00124716
 2.57713 0.00124703
 2.57714 0.00124702
 2.57715 0.00124688
 2.57715 0.00124688
 2.57716 0.00124674
 2.57716 0.00124673
 2.57718 0.0012466
 2.57718 0.00124657
 2.57719 0.00124645
 2.57719 0.00124642
 2.5772 0.00124631
 2.57721 0.00124626
 2.57722 0.00124617
 2.57722 0.0012461
 2.57723 0.00124602
 2.57724 0.00124595
 2.57724 0.00124588
 2.57725 0.00124579
 2.57726 0.00124573
 2.57726 0.00124563
 2.57727 0.00124559
 2.57728 0.00124547
 2.57728 0.00124544
 2.57729 0.0012453
 2.5773 0.00124529
 2.57731 0.00124514
 2.57731 0.00124514
 2.57732 0.00124499
 2.57732 0.00124498
 2.57734 0.00124484
 2.57734 0.00124481
 2.57735 0.00124469
 2.57735 0.00124465
 2.57736 0.00124454
 2.57737 0.00124448
 2.57738 0.00124439
 2.57738 0.00124432
 2.57739 0.00124423
 2.5774 0.00124415
 2.5774 0.00124408
 2.57741 0.00124398
 2.57742 0.00124393
 2.57743 0.00124381
 2.57743 0.00124377
 2.57744 0.00124364
 2.57744 0.00124361
 2.57746 0.00124347
 2.57746 0.00124346
 2.57747 0.0012433
 2.57747 0.00124329
 2.57749 0.00124314
 2.57749 0.00124312
 2.5775 0.00124298
 2.5775 0.00124294
 2.57751 0.00124282
 2.57752 0.00124277
 2.57753 0.00124266
 2.57753 0.00124259
 2.57754 0.0012425
 2.57755 0.00124241
 2.57756 0.00124234
 2.57756 0.00124224
 2.57757 0.00124217
 2.57758 0.00124206
 2.57758 0.00124201
 2.5776 0.00124188
 2.5776 0.00124185
 2.57761 0.00124169
 2.57761 0.00124168
 2.57763 0.00124151
 2.57763 0.00124151
 2.57764 0.00124135
 2.57764 0.00124133
 2.57765 0.00124118
 2.57766 0.00124114
 2.57767 0.00124101
 2.57767 0.00124096
 2.57768 0.00124084
 2.57769 0.00124077
 2.5777 0.00124067
 2.5777 0.00124058
 2.57771 0.0012405
 2.57772 0.0012404
 2.57773 0.00124033
 2.57774 0.00124021
 2.57774 0.00124015
 2.57775 0.00124002
 2.57775 0.00123998
 2.57777 0.00123982
 2.57777 0.00123981
 2.57778 0.00123963
 2.57778 0.00123963
 2.5778 0.00123946
 2.5778 0.00123944
 2.57781 0.00123928
 2.57782 0.00123924
 2.57783 0.0012391
 2.57783 0.00123905
 2.57784 0.00123892
 2.57785 0.00123885
 2.57786 0.00123874
 2.57786 0.00123865
 2.57787 0.00123856
 2.57788 0.00123845
 2.57789 0.00123838
 2.5779 0.00123825
 2.5779 0.0012382
 2.57791 0.00123805
 2.57791 0.00123802
 2.57793 0.00123785
 2.57793 0.00123783
 2.57794 0.00123765
 2.57794 0.00123765
 2.57796 0.00123746
 2.57796 0.00123744
 2.57797 0.00123728
 2.57798 0.00123724
 2.57799 0.00123709
 2.57799 0.00123703
 2.578 0.0012369
 2.57801 0.00123682
 2.57802 0.00123672
 2.57803 0.00123661
 2.57803 0.00123653
 2.57804 0.0012364
 2.57805 0.00123634
 2.57806 0.00123619
 2.57806 0.00123614
 2.57808 0.00123598
 2.57808 0.00123595
 2.57809 0.00123577
 2.57809 0.00123576
 2.57811 0.00123557
 2.57811 0.00123555
 2.57812 0.00123537
 2.57813 0.00123534
 2.57814 0.00123517
 2.57814 0.00123512
 2.57815 0.00123498
 2.57816 0.0012349
 2.57817 0.00123478
 2.57818 0.00123468
 2.57818 0.00123458
 2.57819 0.00123446
 2.5782 0.00123438
 2.57821 0.00123424
 2.57821 0.00123418
 2.57823 0.00123402
 2.57823 0.00123398
 2.57824 0.0012338
 2.57825 0.00123378
 2.57826 0.00123358
 2.57826 0.00123357
 2.57828 0.00123337
 2.57828 0.00123335
 2.57829 0.00123317
 2.5783 0.00123312
 2.57831 0.00123296
 2.57831 0.00123289
 2.57832 0.00123276
 2.57833 0.00123266
 2.57834 0.00123255
 2.57835 0.00123243
 2.57835 0.00123234
 2.57836 0.0012322
 2.57837 0.00123213
 2.57838 0.00123197
 2.57838 0.00123192
 2.5784 0.00123173
 2.5784 0.00123171
 2.57842 0.0012315
 2.57842 0.0012315
 2.57843 0.00123128
 2.57843 0.00123126
 2.57845 0.00123107
 2.57845 0.00123102
 2.57846 0.00123086
 2.57847 0.00123078
 2.57848 0.00123064
 2.57849 0.00123054
 2.57849 0.00123042
 2.5785 0.0012303
 2.57851 0.00123021
 2.57852 0.00123006
 2.57853 0.00122999
 2.57854 0.00122981
 2.57854 0.00122977
 2.57856 0.00122957
 2.57856 0.00122955
 2.57857 0.00122932
 2.57857 0.00122932
 2.57859 0.0012291
 2.57859 0.00122907
 2.57861 0.00122888
 2.57861 0.00122882
 2.57862 0.00122865
 2.57863 0.00122857
 2.57864 0.00122843
 2.57865 0.00122832
 2.57865 0.0012282
 2.57866 0.00122807
 2.57867 0.00122797
 2.57868 0.00122782
 2.57869 0.00122774
 2.5787 0.00122756
 2.5787 0.00122752
 2.57872 0.0012273
 2.57872 0.00122728
 2.57874 0.00122705
 2.57874 0.00122705
 2.57875 0.00122682
 2.57875 0.00122679
 2.57877 0.00122659
 2.57877 0.00122653
 2.57878 0.00122635
 2.57879 0.00122626
 2.5788 0.00122612
 2.57881 0.001226
 2.57882 0.00122588
 2.57883 0.00122574
 2.57883 0.00122564
 2.57885 0.00122547
 2.57885 0.0012254
 2.57886 0.0012252
 2.57887 0.00122516
 2.57888 0.00122493
 2.57888 0.00122492
 2.5789 0.00122468
 2.5789 0.00122466
 2.57892 0.00122444
 2.57892 0.00122439
 2.57893 0.0012242
 2.57894 0.00122412
 2.57895 0.00122395
 2.57896 0.00122385
 2.57897 0.00122371
 2.57897 0.00122357
 2.57898 0.00122346
 2.57899 0.00122329
 2.579 0.00122321
 2.57901 0.00122302
 2.57902 0.00122296
 2.57903 0.00122274
 2.57903 0.00122271
 2.57905 0.00122246
 2.57905 0.00122246
 2.57907 0.00122221
 2.57907 0.00122217
 2.57908 0.00122196
 2.57909 0.00122189
 2.5791 0.0012217
 2.57911 0.0012216
 2.57912 0.00122145
 2.57912 0.00122132
 2.57913 0.00122119
 2.57914 0.00122103
 2.57915 0.00122093
 2.57916 0.00122074
 2.57917 0.00122067
 2.57918 0.00122045
 2.57918 0.00122041
 2.5792 0.00122016
 2.5792 0.00122015
 2.57922 0.00121989
 2.57922 0.00121986
 2.57924 0.00121963
 2.57924 0.00121957
 2.57925 0.00121936
 2.57926 0.00121927
 2.57927 0.0012191
 2.57928 0.00121898
 2.57929 0.00121883
 2.5793 0.00121868
 2.5793 0.00121857
 2.57932 0.00121838
 2.57932 0.0012183
 2.57934 0.00121807
 2.57934 0.00121803
 2.57936 0.00121777
 2.57936 0.00121776
 2.57937 0.00121749
 2.57937 0.00121746
 2.57939 0.00121721
 2.57939 0.00121716
 2.57941 0.00121694
 2.57941 0.00121685
 2.57943 0.00121666
 2.57943 0.00121654
 2.57944 0.00121639
 2.57945 0.00121623
 2.57946 0.00121611
 2.57947 0.00121592
 2.57948 0.00121583
 2.57949 0.0012156
 2.5795 0.00121555
 2.57951 0.00121529
 2.57951 0.00121527
 2.57953 0.00121499
 2.57953 0.00121497
 2.57955 0.00121471
 2.57955 0.00121465
 2.57957 0.00121442
 2.57957 0.00121433
 2.57958 0.00121414
 2.57959 0.00121401
 2.5796 0.00121385
 2.57961 0.00121368
 2.57962 0.00121356
 2.57963 0.00121336
 2.57964 0.00121327
 2.57965 0.00121303
 2.57965 0.00121298
 2.57967 0.00121271
 2.57967 0.00121269
 2.57969 0.0012124
 2.57969 0.00121238
 2.57971 0.00121211
 2.57971 0.00121204
 2.57973 0.00121181
 2.57973 0.00121171
 2.57974 0.00121152
 2.57975 0.00121138
 2.57976 0.00121122
 2.57977 0.00121104
 2.57978 0.00121092
 2.57979 0.0012107
 2.5798 0.00121062
 2.57981 0.00121037
 2.57982 0.00121032
 2.57983 0.00121002
 2.57983 0.00121002
 2.57985 0.00120972
 2.57985 0.00120968
 2.57987 0.00120941
 2.57987 0.00120934
 2.57989 0.00120911
 2.57989 0.00120899
 2.57991 0.0012088
 2.57991 0.00120865
 2.57992 0.00120849
 2.57994 0.0012083
 2.57994 0.00120818
 2.57996 0.00120795
 2.57996 0.00120787
 2.57998 0.00120759
 2.57998 0.00120756
 2.58 0.00120725
 2.58 0.00120724
 2.58002 0.00120693
 2.58002 0.00120689
 2.58003 0.00120662
 2.58004 0.00120653
 2.58005 0.0012063
 2.58006 0.00120617
 2.58007 0.00120598
 2.58008 0.00120581
 2.58009 0.00120566
 2.5801 0.00120545
 2.58011 0.00120534
 2.58012 0.00120508
 2.58013 0.00120502
 2.58014 0.00120472
 2.58014 0.0012047
 2.58016 0.00120438
 2.58016 0.00120435
 2.58018 0.00120405
 2.58019 0.00120398
 2.5802 0.00120372
 2.58021 0.00120361
 2.58022 0.0012034
 2.58023 0.00120324
 2.58024 0.00120307
 2.58025 0.00120287
 2.58026 0.00120274
 2.58027 0.00120249
 2.58027 0.00120241
 2.58029 0.00120211
 2.58029 0.00120207
 2.58031 0.00120174
 2.58031 0.00120173
 2.58033 0.0012014
 2.58033 0.00120135
 2.58035 0.00120107
 2.58035 0.00120097
 2.58037 0.00120073
 2.58038 0.00120059
 2.58039 0.00120039
 2.5804 0.0012002
 2.58041 0.00120005
 2.58042 0.00119981
 2.58043 0.00119971
 2.58044 0.00119942
 2.58044 0.00119936
 2.58046 0.00119903
 2.58046 0.00119902
 2.58048 0.00119867
 2.58048 0.00119864
 2.5805 0.00119833
 2.58051 0.00119824
 2.58052 0.00119798
 2.58053 0.00119785
 2.58054 0.00119763
 2.58055 0.00119745
 2.58056 0.00119728
 2.58057 0.00119705
 2.58058 0.00119692
 2.58059 0.00119664
 2.5806 0.00119657
 2.58061 0.00119624
 2.58062 0.00119621
 2.58064 0.00119586
 2.58064 0.00119583
 2.58065 0.0011955
 2.58066 0.00119543
 2.58067 0.00119514
 2.58068 0.00119502
 2.58069 0.00119478
 2.5807 0.00119461
 2.58071 0.00119442
 2.58072 0.00119419
 2.58073 0.00119405
 2.58075 0.00119378
 2.58075 0.00119369
 2.58077 0.00119336
 2.58077 0.00119332
 2.58079 0.00119296
 2.58079 0.00119294
 2.58081 0.00119259
 2.58081 0.00119252
 2.58083 0.00119222
 2.58084 0.0011921
 2.58085 0.00119185
 2.58086 0.00119167
 2.58087 0.00119147
 2.58088 0.00119125
 2.58089 0.0011911
 2.5809 0.00119082
 2.58091 0.00119072
 2.58092 0.00119039
 2.58093 0.00119035
 2.58095 0.00118997
 2.58095 0.00118995
 2.58097 0.00118959
 2.58097 0.00118952
 2.58099 0.00118921
 2.58099 0.00118908
 2.58101 0.00118882
 2.58102 0.00118865
 2.58103 0.00118844
 2.58104 0.00118821
 2.58105 0.00118805
 2.58106 0.00118776
 2.58107 0.00118767
 2.58108 0.00118732
 2.58109 0.00118728
 2.58111 0.00118689
 2.58111 0.00118687
 2.58112 0.0011865
 2.58113 0.00118643
 2.58114 0.00118611
 2.58115 0.00118598
 2.58116 0.00118571
 2.58117 0.00118553
 2.58118 0.00118532
 2.5812 0.00118507
 2.5812 0.00118492
 2.58122 0.00118462
 2.58123 0.00118452
 2.58124 0.00118416
 2.58125 0.00118412
 2.58127 0.00118372
 2.58127 0.0011837
 2.58129 0.00118332
 2.58129 0.00118324
 2.58131 0.00118291
 2.58131 0.00118277
 2.58133 0.00118251
 2.58134 0.00118231
 2.58135 0.0011821
 2.58136 0.00118184
 2.58137 0.00118169
 2.58138 0.00118137
 2.58139 0.00118128
 2.58141 0.0011809
 2.58141 0.00118087
 2.58143 0.00118046
 2.58143 0.00118042
 2.58145 0.00118004
 2.58145 0.00117995
 2.58147 0.00117963
 2.58148 0.00117947
 2.58149 0.00117921
 2.5815 0.00117899
 2.58151 0.00117879
 2.58152 0.0011785
 2.58153 0.00117837
 2.58155 0.00117802
 2.58155 0.00117795
 2.58157 0.00117753
 2.58157 0.00117752
 2.58159 0.0011771
 2.58159 0.00117705
 2.58161 0.00117667
 2.58162 0.00117655
 2.58163 0.00117624
 2.58164 0.00117606
 2.58165 0.00117581
 2.58166 0.00117557
 2.58167 0.00117538
 2.58169 0.00117507
 2.58169 0.00117495
 2.58171 0.00117457
 2.58171 0.00117452
 2.58174 0.00117408
 2.58174 0.00117407
 2.58176 0.00117364
 2.58176 0.00117356
 2.58178 0.0011732
 2.58178 0.00117306
 2.5818 0.00117276
 2.58181 0.00117255
 2.58182 0.00117232
 2.58183 0.00117204
 2.58184 0.00117188
 2.58186 0.00117153
 2.58186 0.00117143
 2.58188 0.00117101
 2.58188 0.00117099
 2.5819 0.00117054
 2.5819 0.0011705
 2.58192 0.00117009
 2.58193 0.00116998
 2.58194 0.00116964
 2.58195 0.00116946
 2.58197 0.00116918
 2.58198 0.00116893
 2.58199 0.00116873
 2.582 0.00116841
 2.58201 0.00116827
 2.58203 0.00116788
 2.58203 0.00116782
 2.58205 0.00116736
 2.58205 0.00116735
 2.58207 0.0011669
 2.58207 0.00116682
 2.58209 0.00116643
 2.5821 0.00116628
 2.58211 0.00116597
 2.58212 0.00116575
 2.58213 0.0011655
 2.58215 0.00116521
 2.58216 0.00116504
 2.58217 0.00116467
 2.58218 0.00116457
 2.5822 0.00116412
 2.5822 0.0011641
 2.58222 0.00116363
 2.58222 0.00116358
 2.58224 0.00116315
 2.58225 0.00116303
 2.58226 0.00116268
 2.58227 0.00116248
 2.58228 0.0011622
 2.5823 0.00116192
 2.58231 0.00116172
 2.58232 0.00116137
 2.58233 0.00116124
 2.58235 0.00116081
 2.58235 0.00116076
 2.58237 0.00116028
 2.58237 0.00116025
 2.58239 0.00115979
 2.5824 0.00115969
 2.58241 0.0011593
 2.58242 0.00115913
 2.58244 0.00115882
 2.58245 0.00115856
 2.58246 0.00115833
 2.58247 0.00115799
 2.58248 0.00115783
 2.5825 0.00115742
 2.5825 0.00115734
 2.58252 0.00115684
 2.58252 0.00115684
 2.58254 0.00115635
 2.58255 0.00115627
 2.58257 0.00115585
 2.58257 0.00115569
 2.58259 0.00115535
 2.5826 0.00115511
 2.58261 0.00115485
 2.58262 0.00115452
 2.58263 0.00115434
 2.58265 0.00115394
 2.58265 0.00115384
 2.58267 0.00115335
 2.58267 0.00115333
 2.5827 0.00115282
 2.5827 0.00115276
 2.58272 0.00115231
 2.58273 0.00115216
 2.58274 0.0011518
 2.58275 0.00115157
 2.58276 0.00115129
 2.58278 0.00115097
 2.58278 0.00115077
 2.5828 0.00115037
 2.58281 0.00115025
 2.58283 0.00114977
 2.58283 0.00114974
 2.58285 0.00114921
 2.58285 0.00114916
 2.58287 0.00114869
 2.58288 0.00114855
 2.5829 0.00114817
 2.58291 0.00114794
 2.58292 0.00114764
 2.58293 0.00114733
 2.58294 0.00114711
 2.58296 0.00114671
 2.58296 0.00114659
 2.58298 0.0011461
 2.58298 0.00114605
 2.58301 0.00114552
 2.58301 0.00114548
 2.58303 0.00114499
 2.58303 0.00114485
 2.58305 0.00114445
 2.58306 0.00114423
 2.58307 0.00114391
 2.58309 0.0011436
 2.5831 0.00114337
 2.58311 0.00114297
 2.58312 0.00114283
 2.58314 0.00114233
 2.58314 0.00114229
 2.58316 0.00114174
 2.58317 0.0011417
 2.58319 0.00114119
 2.58319 0.00114106
 2.58321 0.00114065
 2.58322 0.00114042
 2.58323 0.00114009
 2.58324 0.00113977
 2.58325 0.00113954
 2.58327 0.00113913
 2.58328 0.00113899
 2.5833 0.00113848
 2.5833 0.00113843
 2.58332 0.00113787
 2.58332 0.00113783
 2.58335 0.00113731
 2.58335 0.00113717
 2.58337 0.00113675
 2.58338 0.00113652
 2.58339 0.00113619
 2.5834 0.00113586
 2.58341 0.00113562
 2.58343 0.0011352
 2.58344 0.00113506
 2.58346 0.00113453
 2.58346 0.00113449
 2.58348 0.00113392
 2.58348 0.00113386
 2.5835 0.00113335
 2.58351 0.00113319
 2.58353 0.00113277
 2.58354 0.00113252
 2.58355 0.0011322
 2.58356 0.00113185
 2.58357 0.00113162
 2.58359 0.00113117
 2.5836 0.00113104
 2.58362 0.00113049
 2.58362 0.00113046
 2.58364 0.00112987
 2.58365 0.0011298
 2.58367 0.00112929
 2.58367 0.00112912
 2.58369 0.0011287
 2.5837 0.00112843
 2.58371 0.00112811
 2.58373 0.00112774
 2.58374 0.00112752
 2.58375 0.00112704
 2.58376 0.00112693
 2.58378 0.00112634
 2.58378 0.00112633
 2.58381 0.00112573
 2.58381 0.00112564
 2.58383 0.00112514
 2.58384 0.00112494
 2.58385 0.00112454
 2.58386 0.00112424
 2.58388 0.00112393
 2.58389 0.00112353
 2.5839 0.00112333
 2.58392 0.00112282
 2.58392 0.00112272
 2.58395 0.00112211
 2.58395 0.0011221
 2.58397 0.0011215
 2.58397 0.00112139
 2.58399 0.00112089
 2.584 0.00112067
 2.58402 0.00112028
 2.58403 0.00111994
 2.58404 0.00111966
 2.58406 0.00111922
 2.58406 0.00111904
 2.58408 0.00111849
 2.58409 0.00111842
 2.58411 0.0011178
 2.58411 0.00111776
 2.58413 0.00111718
 2.58414 0.00111703
 2.58416 0.00111655
 2.58417 0.00111629
 2.58418 0.00111593
 2.5842 0.00111555
 2.5842 0.0011153
 2.58422 0.00111481
 2.58423 0.00111467
 2.58425 0.00111406
 2.58425 0.00111403
 2.58428 0.0011134
 2.58428 0.00111332
 2.5843 0.00111276
 2.58431 0.00111256
 2.58432 0.00111212
 2.58434 0.00111181
 2.58435 0.00111148
 2.58436 0.00111105
 2.58437 0.00111083
 2.58439 0.00111029
 2.5844 0.00111019
 2.58442 0.00110954
 2.58442 0.00110953
 2.58444 0.00110889
 2.58445 0.00110877
 2.58447 0.00110824
 2.58448 0.001108
 2.58449 0.00110759
 2.5845 0.00110722
 2.58452 0.00110693
 2.58453 0.00110645
 2.58454 0.00110628
 2.58456 0.00110567
 2.58456 0.00110562
 2.58459 0.00110495
 2.58459 0.00110489
 2.58461 0.00110429
 2.58462 0.00110411
 2.58464 0.00110363
 2.58465 0.00110332
 2.58466 0.00110296
 2.58468 0.00110253
 2.58468 0.00110229
 2.5847 0.00110174
 2.58471 0.00110162
 2.58473 0.00110094
 2.58473 0.00110094
 2.58476 0.00110027
 2.58476 0.00110014
 2.58478 0.00109959
 2.58479 0.00109934
 2.58481 0.00109891
 2.58482 0.00109854
 2.58483 0.00109823
 2.58485 0.00109773
 2.58485 0.00109755
 2.58488 0.00109692
 2.58488 0.00109686
 2.5849 0.00109617
 2.58491 0.0010961
 2.58493 0.00109548
 2.58493 0.00109529
 2.58495 0.00109479
 2.58496 0.00109447
 2.58498 0.00109409
 2.58499 0.00109364
 2.585 0.0010934
 2.58502 0.00109282
 2.58503 0.0010927
 2.58505 0.001092
 2.58505 0.00109199
 2.58508 0.0010913
 2.58508 0.00109115
 2.5851 0.00109059
 2.58511 0.00109032
 2.58512 0.00108988
 2.58514 0.00108948
 2.58515 0.00108918
 2.58517 0.00108864
 2.58517 0.00108846
 2.5852 0.00108779
 2.5852 0.00108775
 2.58522 0.00108704
 2.58523 0.00108694
 2.58525 0.00108632
 2.58526 0.00108609
 2.58527 0.0010856
 2.58529 0.00108524
 2.5853 0.00108488
 2.58532 0.00108438
 2.58532 0.00108415
 2.58535 0.00108352
 2.58535 0.00108343
 2.58537 0.0010827
 2.58537 0.00108265
 2.5854 0.00108197
 2.5854 0.00108178
 2.58542 0.00108124
 2.58543 0.00108091
 2.58545 0.0010805
 2.58546 0.00108004
 2.58547 0.00107976
 2.58549 0.00107916
 2.5855 0.00107903
 2.58552 0.00107828
 2.58552 0.00107828
 2.58555 0.00107754
 2.58555 0.00107739
 2.58557 0.0010768
 2.58558 0.00107651
 2.5856 0.00107605
 2.58561 0.00107561
 2.58562 0.0010753
 2.58564 0.00107472
 2.58565 0.00107455
 2.58567 0.00107382
 2.58567 0.00107379
 2.5857 0.00107303
 2.5857 0.00107292
 2.58573 0.00107228
 2.58573 0.00107202
 2.58575 0.00107151
 2.58576 0.00107111
 2.58578 0.00107075
 2.58579 0.0010702
 2.5858 0.00106999
 2.58582 0.00106928
 2.58583 0.00106922
 2.58585 0.00106845
 2.58586 0.00106837
 2.58588 0.00106768
 2.58589 0.00106745
 2.5859 0.0010669
 2.58592 0.00106652
 2.58593 0.00106613
 2.58595 0.00106559
 2.58595 0.00106535
 2.58598 0.00106466
 2.58598 0.00106457
 2.58601 0.00106378
 2.58601 0.00106373
 2.58603 0.001063
 2.58604 0.00106279
 2.58606 0.00106221
 2.58607 0.00106185
 2.58608 0.00106142
 2.5861 0.0010609
 2.58611 0.00106063
 2.58613 0.00105995
 2.58613 0.00105983
 2.58616 0.00105903
 2.58616 0.001059
 2.58619 0.00105823
 2.58619 0.00105804
 2.58621 0.00105743
 2.58622 0.00105709
 2.58624 0.00105663
 2.58625 0.00105612
 2.58626 0.00105582
 2.58628 0.00105516
 2.58629 0.00105501
 2.58631 0.0010542
 2.58632 0.00105419
 2.58634 0.00105339
 2.58635 0.00105321
 2.58637 0.00105258
 2.58638 0.00105224
 2.58639 0.00105176
 2.58641 0.00105126
 2.58642 0.00105094
 2.58644 0.00105027
 2.58644 0.00105011
 2.58647 0.00104929
 2.58647 0.00104929
 2.5865 0.00104846
 2.5865 0.00104829
 2.58652 0.00104763
 2.58653 0.0010473
 2.58655 0.0010468
 2.58656 0.0010463
 2.58658 0.00104597
 2.5866 0.0010453
 2.5866 0.00104513
 2.58663 0.00104429
 2.58663 0.00104429
 2.58665 0.00104345
 2.58666 0.00104329
 2.58668 0.00104261
 2.58669 0.00104227
 2.58671 0.00104176
 2.58672 0.00104126
 2.58673 0.00104091
 2.58675 0.00104024
 2.58676 0.00104006
 2.58679 0.00103921
 2.58679 0.00103921
 2.58681 0.00103835
 2.58682 0.00103819
 2.58684 0.0010375
 2.58685 0.00103715
 2.58686 0.00103664
 2.58688 0.00103612
 2.58689 0.00103577
 2.58691 0.00103508
 2.58692 0.00103491
 2.58694 0.00103404
 2.58694 0.00103404
 2.58697 0.00103317
 2.58698 0.00103299
 2.587 0.0010323
 2.58701 0.00103194
 2.58702 0.00103142
 2.58704 0.00103089
 2.58705 0.00103055
 2.58707 0.00102983
 2.58708 0.00102967
 2.5871 0.00102879
 2.5871 0.00102877
 2.58713 0.0010279
 2.58714 0.00102771
 2.58716 0.00102702
 2.58717 0.00102664
 2.58718 0.00102613
 2.5872 0.00102557
 2.58721 0.00102523
 2.58723 0.00102449
 2.58724 0.00102434
 2.58726 0.00102344
 2.58727 0.00102341
 2.58729 0.00102254
 2.5873 0.00102233
 2.58732 0.00102164
 2.58733 0.00102124
 2.58735 0.00102074
 2.58736 0.00102015
 2.58737 0.00101983
 2.5874 0.00101905
 2.5874 0.00101892
 2.58743 0.00101801
 2.58743 0.00101795
 2.58745 0.0010171
 2.58746 0.00101685
 2.58748 0.00101618
 2.58749 0.00101574
 2.58751 0.00101526
 2.58753 0.00101463
 2.58753 0.00101434
 2.58756 0.00101352
 2.58756 0.00101342
 2.58759 0.00101249
 2.58759 0.0010124
 2.58762 0.00101156
 2.58762 0.00101128
 2.58764 0.00101063
 2.58766 0.00101015
 2.58767 0.0010097
 2.58769 0.00100902
 2.5877 0.00100876
 2.58772 0.00100789
 2.58772 0.00100782
 2.58775 0.00100688
 2.58776 0.00100675
 2.58778 0.00100593
 2.58779 0.0010056
 2.58781 0.00100499
 2.58782 0.00100446
 2.58783 0.00100404
 2.58785 0.00100331
 2.58786 0.00100309
 2.58789 0.00100215
 2.58789 0.00100213
 2.58792 0.00100117
 2.58792 0.001001
 2.58794 0.00100021
 2.58795 0.000999833
 2.58797 0.000999252
 2.58799 0.000998666
 2.588 0.000998288
 2.58802 0.000997496
 2.58803 0.00099732
 2.58805 0.00099635
 2.58805 0.000996321
 2.58808 0.000995378
 2.58809 0.000995142
 2.58811 0.000994403
 2.58812 0.000993959
 2.58814 0.000993425
 2.58815 0.000992772
 2.58816 0.000992445
 2.58819 0.000991581
 2.58819 0.000991462
 2.58822 0.000990477
 2.58822 0.000990386
 2.58825 0.000989488
 2.58826 0.000989187
 2.58827 0.000988498
 2.58829 0.000987984
 2.5883 0.000987504
 2.58832 0.000986776
 2.58833 0.000986508
 2.58836 0.000985564
 2.58836 0.00098551
 2.58839 0.000984508
 2.58839 0.000984349
 2.58841 0.000983504
 2.58842 0.000983129
 2.58844 0.000982498
 2.58846 0.000981904
 2.58847 0.000981489
 2.58849 0.000980676
 2.5885 0.000980477
 2.58853 0.000979462
 2.58853 0.000979443
 2.58855 0.000978445
 2.58856 0.000978206
 2.58858 0.000977425
 2.58859 0.000976965
 2.58861 0.000976403
 2.58863 0.00097572
 2.58864 0.000975377
 2.58866 0.00097447
 2.58867 0.00097435
 2.58869 0.000973319
 2.5887 0.000973216
 2.58872 0.000972286
 2.58873 0.000971958
 2.58875 0.00097125
 2.58877 0.000970696
 2.58878 0.000970211
 2.5888 0.000969429
 2.58881 0.00096917
 2.58883 0.000968158
 2.58884 0.000968126
 2.58886 0.000967079
 2.58887 0.000966882
 2.58889 0.000966029
 2.5889 0.000965602
 2.58892 0.000964977
 2.58894 0.000964318
 2.58895 0.000963922
 2.58897 0.00096303
 2.58898 0.000962864
 2.58901 0.000961804
 2.58901 0.000961737
 2.58903 0.000960741
 2.58904 0.00096044
 2.58906 0.000959675
 2.58908 0.000959138
 2.58909 0.000958606
 2.58911 0.000957832
 2.58912 0.000957535
 2.58915 0.000956522
 2.58915 0.00095646
 2.58918 0.000955383
 2.58918 0.000955207
 2.58921 0.000954304
 2.58922 0.000953888
 2.58923 0.000953221
 2.58925 0.000952564
 2.58926 0.000952136
 2.58929 0.000951236
 2.58929 0.000951048
 2.58932 0.000949957
 2.58932 0.000949903
 2.58935 0.000948863
 2.58936 0.000948566
 2.58938 0.000947767
 2.58939 0.000947224
 2.58941 0.000946668
 2.58943 0.000945878
 2.58943 0.000945566
 2.58946 0.000944528
 2.58946 0.000944461
 2.58949 0.000943353
 2.5895 0.000943172
 2.58952 0.000942243
 2.58953 0.000941813
 2.58955 0.000941129
 2.58957 0.000940449
 2.58958 0.000940013
 2.5896 0.00093908
 2.58961 0.000938894
 2.58964 0.000937772
 2.58964 0.000937706
 2.58967 0.000936648
 2.58967 0.000936328
 2.58969 0.00093552
 2.58971 0.000934946
 2.58972 0.00093439
 2.58975 0.000933559
 2.58975 0.000933257
 2.58978 0.000932167
 2.58978 0.000932121
 2.58981 0.000930982
 2.58982 0.000930771
 2.58984 0.00092984
 2.58985 0.00092937
 2.58987 0.000928695
 2.58989 0.000927964
 2.5899 0.000927548
 2.58992 0.000926553
 2.58993 0.000926398
 2.58996 0.000925244
 2.58996 0.000925138
 2.58999 0.000924088
 2.59 0.000923719
 2.59002 0.000922929
 2.59003 0.000922294
 2.59004 0.000921767
 2.59007 0.000920865
 2.59007 0.000920602
 2.5901 0.000919434
 2.5901 0.000919431
 2.59013 0.000918264
 2.59014 0.000917993
 2.59016 0.00091709
 2.59018 0.00091655
 2.59019 0.000915914
 2.59021 0.000915101
 2.59022 0.000914734
 2.59025 0.000913649
 2.59025 0.000913552
 2.59028 0.000912366
 2.59028 0.000912191
 2.59031 0.000911178
 2.59032 0.000910729
 2.59034 0.000909987
 2.59036 0.000909261
 2.59037 0.000908793
 2.59039 0.000907789
 2.5904 0.000907596
 2.59043 0.000906396
 2.59043 0.000906313
 2.59046 0.000905193
 2.59047 0.000904831
 2.59049 0.000903987
 2.5905 0.000903344
 2.59052 0.000902778
 2.59054 0.000901853
 2.59055 0.000901566
 2.59058 0.000900357
 2.59058 0.000900351
 2.59061 0.000899133
 2.59061 0.000898856
 2.59064 0.000897912
 2.59065 0.00089735
 2.59067 0.000896688
 2.59069 0.000895839
 2.5907 0.000895461
 2.59072 0.000894323
 2.59073 0.000894231
 2.59076 0.000892998
 2.59076 0.000892802
 2.59079 0.000891762
 2.5908 0.000891276
 2.59082 0.000890523
 2.59083 0.000889746
 2.59084 0.000889282
 2.59087 0.00088821
 2.59087 0.000888037
 2.5909 0.000886789
 2.59091 0.000886669
 2.59093 0.000885537
 2.59094 0.000885124
 2.59097 0.000884283
 2.59098 0.000883573
 2.591 0.000883026
 2.59102 0.000882017
 2.59103 0.000881766
 2.59106 0.000880503
 2.59106 0.000880457
 2.59109 0.000879236
 2.59109 0.000878891
 2.59112 0.000877967
 2.59113 0.00087732
 2.59115 0.000876695
 2.59117 0.000875744
 2.59118 0.000875419
 2.59121 0.000874163
 2.59121 0.000874141
 2.59124 0.000872859
 2.59124 0.000872577
 2.59127 0.000871574
 2.59128 0.000870986
 2.5913 0.000870286
 2.59132 0.00086939
 2.59133 0.000868995
 2.59136 0.000867789
 2.59136 0.000867701
 2.59139 0.000866404
 2.59139 0.000866182
 2.59142 0.000865104
 2.59143 0.000864571
 2.59145 0.0008638
 2.59147 0.000862954
 2.59148 0.000862494
 2.59151 0.000861332
 2.59151 0.000861184
 2.59154 0.000859872
 2.59154 0.000859705
 2.59157 0.000858556
 2.59158 0.000858072
 2.5916 0.000857237
 2.59162 0.000856435
 2.59163 0.000855915
 2.59166 0.000854792
 2.59166 0.000854589
 2.59169 0.000853261
 2.5917 0.000853144
 2.59172 0.000851929
 2.59173 0.000851491
 2.59176 0.000850594
 2.59177 0.000849832
 2.59179 0.000849256
 2.59181 0.000848168
 2.59182 0.000847915
 2.59185 0.000846571
 2.59185 0.000846499
 2.59188 0.000845224
 2.59189 0.000844825
 2.59191 0.000843873
 2.59193 0.000843145
 2.59194 0.000842519
 2.59196 0.00084146
 2.59197 0.000841162
 2.592 0.000839802
 2.592 0.00083977
 2.59203 0.000838438
 2.59204 0.000838074
 2.59206 0.000837072
 2.59208 0.000836373
 2.59209 0.000835702
 2.59212 0.000834666
 2.59213 0.000834329
 2.59216 0.000832954
 2.59216 0.000832952
 2.59219 0.000831573
 2.59219 0.000831237
 2.59222 0.00083019
 2.59223 0.000829515
 2.59225 0.000828804
 2.59227 0.000827786
 2.59228 0.000827415
 2.59231 0.000826053
 2.59231 0.000826022
 2.59234 0.000824627
 2.59235 0.000824314
 2.59237 0.000823228
 2.59239 0.000822569
 2.59241 0.000821825
 2.59243 0.000820819
 2.59244 0.00082042
 2.59247 0.000819064
 2.59247 0.000819011
 2.5925 0.000817599
 2.59251 0.000817303
 2.59253 0.000816184
 2.59254 0.000815537
 2.59256 0.000814765
 2.59258 0.000813765
 2.59259 0.000813343
 2.59262 0.000811987
 2.59262 0.000811918
 2.59266 0.000810489
 2.59266 0.000810204
 2.59269 0.000809058
 2.5927 0.000808415
 2.59272 0.000807623
 2.59274 0.000806621
 2.59275 0.000806184
 2.59278 0.000804821
 2.59278 0.000804742
 2.59281 0.000803297
 2.59282 0.000803016
 2.59284 0.000801849
 2.59286 0.000801205
 2.59288 0.000800397
 2.5929 0.000799388
 2.59291 0.000798942
 2.59294 0.000797566
 2.59294 0.000797484
 2.59297 0.000796022
 2.59298 0.000795738
 2.593 0.000794557
 2.59302 0.000793904
 2.59303 0.000793088
 2.59306 0.000792065
 2.59307 0.000791617
 2.5931 0.00079022
 2.5931 0.000790142
 2.59313 0.000788663
 2.59314 0.000788369
 2.59316 0.000787181
 2.59318 0.000786513
 2.59319 0.000785696
 2.59321 0.000784651
 2.59322 0.000784207
 2.59325 0.000782783
 2.59326 0.000782715
 2.59329 0.00078122
 2.59329 0.000780909
 2.59332 0.000779721
 2.59333 0.000779029
 2.59335 0.000778219
 2.59337 0.000777144
 2.59338 0.000776713
 2.59341 0.000775253
 2.59342 0.000775204
 2.59345 0.000773691
 2.59345 0.000773356
 2.59348 0.000772175
 2.5935 0.000771453
 2.59351 0.000770656
 2.59354 0.000769545
 2.59354 0.000769133
 2.59358 0.00076763
 2.59358 0.000767607
 2.59361 0.000766078
 2.59362 0.00076571
 2.59364 0.000764545
 2.59366 0.000763784
 2.59367 0.000763008
 2.5937 0.000761852
 2.5937 0.000761468
 2.59374 0.000759925
 2.59374 0.000759914
 2.59377 0.000758378
 2.59378 0.00075797
 2.5938 0.000756827
 2.59382 0.00075602
 2.59383 0.000755273
 2.59386 0.000754064
 2.59387 0.000753716
 2.5939 0.000752155
 2.5939 0.000752102
 2.59393 0.000750591
 2.59394 0.000750134
 2.59396 0.000749023
 2.59398 0.000748161
 2.594 0.000747452
 2.59402 0.000746181
 2.59403 0.000745877
 2.59406 0.000744299
 2.59406 0.000744195
 2.59409 0.000742717
 2.5941 0.000742203
 2.59412 0.000741132
 2.59414 0.000740205
 2.59416 0.000739543
 2.59418 0.000738201
 2.59419 0.000737951
 2.59422 0.000736355
 2.59423 0.000736191
 2.59426 0.000734755
 2.59427 0.000734175
 2.59429 0.000733152
 2.59431 0.000732153
 2.59432 0.000731546
 2.59435 0.000730125
 2.59435 0.000729936
 2.59439 0.000728322
 2.59439 0.00072809
 2.59442 0.000726705
 2.59443 0.00072605
 2.59445 0.000725084
 2.59447 0.000724003
 2.59448 0.00072346
 2.59451 0.00072195
 2.59452 0.000721832
 2.59455 0.0007202
 2.59456 0.000719891
 2.59458 0.000718565
 2.5946 0.000717825
 2.59461 0.000716927
 2.59464 0.000715754
 2.59465 0.000715284
 2.59468 0.000713676
 2.59468 0.000713639
 2.59471 0.000711989
 2.59472 0.000711592
 2.59475 0.000710336
 2.59476 0.000709502
 2.59478 0.000708679
 2.5948 0.000707405
 2.59481 0.000707019
 2.59485 0.000705355
 2.59485 0.000705302
 2.59488 0.000703688
 2.59489 0.000703193
 2.59491 0.000702017
 2.59493 0.000701078
 2.59494 0.000700342
 2.59497 0.000698956
 2.59498 0.000698663
 2.59501 0.000696981
 2.59501 0.000696828
 2.59504 0.000695296
 2.59506 0.000694693
 2.59508 0.000693606
 2.5951 0.000692553
 2.59511 0.000691913
 2.59514 0.000690405
 2.59514 0.000690216
 2.59518 0.000688516
 2.59518 0.000688252
 2.59521 0.000686812
 2.59522 0.000686092
 2.59524 0.000685104
 2.59527 0.000683925
 2.59528 0.000683393
 2.59531 0.000681752
 2.59531 0.000681678
 2.59534 0.000679959
 2.59535 0.000679573
 2.59538 0.000678236
 2.59539 0.000677387
 2.59541 0.00067651
 2.59544 0.000675195
 2.59544 0.00067478
 2.59548 0.000673046
 2.59548 0.000672996
 2.59551 0.000671309
 2.59552 0.000670791
 2.59554 0.000669568
 2.59556 0.000668579
 2.59558 0.000667823
 2.59561 0.000666361
 2.59561 0.000666074
 2.59564 0.000664322
 2.59565 0.000664136
 2.59568 0.000662566
 2.59569 0.000661904
 2.59571 0.000660806
 2.59573 0.000659666
 2.59575 0.000659043
 2.59578 0.000657422
 2.59578 0.000657275
 2.59581 0.000655504
 2.59582 0.00065517
 2.59585 0.000653729
 2.59586 0.000652912
 2.59588 0.000651951
 2.5959 0.000650648
 2.59591 0.000650168
 2.59595 0.000648382
 2.59595 0.000648377
 2.59598 0.000646592
 2.59599 0.000646099
 2.59602 0.000644799
 2.59603 0.000643814
 2.59605 0.000643001
 2.59608 0.000641523
 2.59608 0.0006412
 2.59612 0.000639394
 2.59612 0.000639225
 2.59615 0.000637585
 2.59616 0.00063692
 2.59618 0.000635773
 2.59621 0.000634609
 2.59622 0.000633956
 2.59625 0.00063229
 2.59625 0.000632136
 2.59629 0.000630311
 2.59629 0.000629965
 2.59632 0.000628483
 2.59634 0.000627633
 2.59635 0.000626651
 2.59638 0.000625295
 2.59639 0.000624815
 2.59642 0.000622976
 2.59642 0.000622949
 2.59646 0.000621132
 2.59647 0.000620597
 2.59649 0.000619285
 2.59651 0.000618238
 2.59653 0.000617434
 2.59655 0.000615872
 2.59656 0.000615578
 2.59659 0.000613719
 2.5966 0.000613499
 2.59663 0.000611857
 2.59664 0.000611119
 2.59666 0.00060999
 2.59669 0.000608733
 2.5967 0.000608119
 2.59673 0.000606339
 2.59673 0.000606245
 2.59676 0.000604366
 2.59677 0.000603939
 2.5968 0.000602484
 2.59682 0.000601531
 2.59683 0.000600597
 2.59686 0.000599117
 2.59687 0.000598707
 2.5969 0.000596813
 2.5969 0.000596695
 2.59694 0.000594915
 2.59695 0.000594267
 2.59697 0.000593013
 2.59699 0.000591831
 2.59701 0.000591107
 2.59704 0.000589389
 2.59704 0.000589197
 2.59707 0.000587284
 2.59708 0.000586939
 2.59711 0.000585366
 2.59713 0.000584483
 2.59714 0.000583444
 2.59717 0.000582019
 2.59718 0.000581518
 2.59721 0.000579589
 2.59721 0.000579548
 2.59725 0.000577655
 2.59726 0.000577071
 2.59728 0.000575718
 2.5973 0.000574586
 2.59732 0.000573776
 2.59735 0.000572093
 2.59735 0.00057183
 2.59739 0.000569881
 2.59739 0.000569594
 2.59742 0.000567927
 2.59744 0.000567088
 2.59746 0.00056597
 2.59748 0.000564574
 2.59749 0.000564008
 2.59753 0.000562053
 2.59753 0.000562043
 2.59756 0.000560073
 2.59757 0.000559525
 2.5976 0.0005581
 2.59762 0.00055699
 2.59763 0.000556122
 2.59766 0.000554447
 2.59767 0.00055414
 2.5977 0.000552155
 2.59771 0.000551898
 2.59774 0.000550165
 2.59775 0.000549341
 2.59777 0.000548171
 2.59779 0.000546776
 2.59781 0.000546173
 2.59784 0.000544205
 2.59784 0.000544172
 2.59788 0.000542166
 2.59789 0.000541626
 2.59791 0.000540156
 2.59793 0.000539039
 2.59795 0.000538142
 2.59798 0.000536446
 2.59798 0.000536123
 2.59802 0.000534101
 2.59802 0.000533845
 2.59805 0.000532075
 2.59807 0.000531236
 2.59809 0.000530045
 2.59811 0.000528621
 2.59812 0.00052801
 2.59816 0.000525997
 2.59816 0.000525971
 2.59819 0.000523929
 2.5982 0.000523367
 2.59823 0.000521882
 2.59825 0.000520729
 2.59826 0.000519831
 2.59829 0.000518083
 2.5983 0.000517776
 2.59833 0.000515717
 2.59834 0.00051543
 2.59837 0.000513654
 2.59838 0.000512769
 2.5984 0.000511586
 2.59843 0.000510101
 2.59844 0.000509515
 2.59848 0.000507439
 2.59848 0.000507426
 2.59851 0.000505359
 2.59852 0.000504743
 2.59855 0.000503275
 2.59857 0.000502052
 2.59858 0.000501187
 2.59861 0.000499354
 2.59862 0.000499094
 2.59865 0.000496998
 2.59866 0.000496648
 2.59869 0.000494897
 2.5987 0.000493934
 2.59872 0.000492792
 2.59875 0.000491213
 2.59876 0.000490683
 2.5988 0.00048857
 2.5988 0.000488484
 2.59883 0.000486453
 2.59884 0.000485748
 2.59887 0.000484331
 2.59889 0.000483004
 2.5989 0.000482205
 2.59894 0.000480252
 2.59894 0.000480075
 2.59897 0.000477941
 2.59898 0.000477493
 2.59901 0.000475802
 2.59903 0.000474726
 2.59905 0.00047366
 2.59907 0.000471951
 2.59908 0.000471513
 2.59912 0.000469361
 2.59912 0.000469168
 2.59915 0.000467206
 2.59917 0.000466378
 2.59919 0.000465046
 2.59921 0.000463579
 2.59922 0.000462882
 2.59926 0.000460773
 2.59926 0.000460714
 2.5993 0.000458542
 2.59931 0.00045796
 2.59933 0.000456365
 2.59935 0.000455138
 2.59937 0.000454184
 2.5994 0.000452308
 2.5994 0.000451999
 2.59944 0.000449809
 2.59945 0.000449471
 2.59948 0.000447615
 2.59949 0.000446626
 2.59951 0.000445417
 2.59954 0.000443773
 2.59955 0.000443215
 2.59959 0.000441008
 2.59959 0.000440912
 2.59962 0.000438797
 2.59963 0.000438043
 2.59966 0.000436582
 2.59968 0.000435166
 2.59969 0.000434362
 2.59973 0.000432281
 2.59973 0.000432138
 2.59977 0.00042991
 2.59977 0.000429388
 2.5998 0.000427677
 2.59982 0.000426487
 2.59984 0.00042544
 2.59987 0.000423578
 2.59988 0.000423199
 2.59991 0.000420953
 2.59992 0.000420661
 2.59995 0.000418703
 2.59996 0.000417736
 2.59998 0.000416449
 2.60001 0.000414803
 2.60002 0.00041419
 2.60006 0.000411927
 2.60006 0.000411862
 2.60009 0.00040966
 2.60011 0.000408913
 2.60013 0.000407388
 2.60015 0.000405955
 2.60017 0.000405112
 2.6002 0.00040299
 2.6002 0.000402831
 2.60024 0.000400546
 2.60025 0.000400016
 2.60028 0.000398257
 2.6003 0.000397034
 2.60031 0.000395963
 2.60034 0.000394044
 2.60035 0.000393665
 2.60039 0.000391362
 2.60039 0.000391046
 2.60042 0.000389055
 2.60044 0.00038804
 2.60046 0.000386744
 2.60049 0.000385025
 2.6005 0.000384428
 2.60053 0.000382107
 2.60053 0.000382002
 2.60057 0.000379783
 2.60058 0.000378971
 2.60061 0.000377453
 2.60063 0.000375932
 2.60064 0.00037512
 2.60068 0.000372884
 2.60068 0.000372782
 2.60072 0.000370439
 2.60073 0.000369828
 2.60075 0.000368092
 2.60077 0.000366763
 2.60079 0.000365741
 2.60082 0.000363691
 2.60083 0.000363385
 2.60086 0.000361024
 2.60087 0.00036061
 2.6009 0.000358659
 2.60092 0.00035752
 2.60094 0.00035629
 2.60097 0.000354422
 2.60098 0.000353916
 2.60101 0.000351537
 2.60102 0.000351316
 2.60105 0.000349154
 2.60106 0.000348201
 2.60109 0.000346767
 2.60111 0.000345078
 2.60112 0.000344375
 2.60116 0.000341979
 2.60116 0.000341946
 2.6012 0.000339578
 2.60121 0.000338806
 2.60124 0.000337172
 2.60126 0.000335657
 2.60127 0.000334762
 2.60131 0.0003325
 2.60131 0.000332347
 2.60135 0.000329928
 2.60136 0.000329334
 2.60138 0.000327505
 2.6014 0.00032616
 2.60142 0.000325076
 2.60145 0.000322977
 2.60146 0.000322644
 2.6015 0.000320206
 2.6015 0.000319786
 2.60153 0.000317764
 2.60155 0.000316586
 2.60157 0.000315318
 2.6016 0.000313377
 2.60161 0.000312867
 2.60165 0.000310411
 2.60165 0.00031016
 2.60168 0.000307951
 2.6017 0.000306934
 2.60172 0.000305486
 2.60175 0.000303699
 2.60176 0.000303016
 2.6018 0.000300542
 2.6018 0.000300456
 2.60183 0.000298064
 2.60185 0.000297203
 2.60187 0.00029558
 2.6019 0.000293943
 2.60191 0.000293092
 2.60194 0.000290673
 2.60195 0.0002906
 2.60198 0.000288103
 2.60199 0.000287395
 2.60202 0.000285601
 2.60204 0.000284107
 2.60206 0.000283094
 2.60209 0.000280812
 2.6021 0.000280583
 2.60213 0.000278067
 2.60214 0.000277507
 2.60217 0.000275547
 2.60219 0.000274193
 2.60221 0.000273022
 2.60224 0.000270871
 2.60225 0.000270492
 2.60228 0.000267958
 2.60229 0.000267539
 2.60232 0.000265419
 2.60234 0.000264199
 2.60236 0.000262875
 2.60239 0.00026085
 2.6024 0.000260326
 2.60244 0.000257773
 2.60244 0.000257492
 2.60247 0.000255215
 2.60249 0.000254125
 2.60251 0.000252653
 2.60254 0.000250749
 2.60255 0.000250085
 2.60259 0.000247513
 2.60259 0.000247364
 2.60263 0.000244937
 2.60264 0.00024397
 2.60266 0.000242355
 2.60269 0.000240567
 2.6027 0.000239769
 2.60274 0.000237178
 2.60274 0.000237155
 2.60278 0.000234582
 2.60279 0.000233734
 2.60282 0.000231982
 2.60284 0.000230304
 2.60285 0.000229377
 2.60289 0.000226864
 2.60289 0.000226767
 2.60293 0.000224152
 2.60294 0.000223416
 2.60297 0.000221533
 2.60299 0.000219959
 2.60301 0.000218909
 2.60304 0.000216492
 2.60305 0.00021628
 2.60308 0.000213646
 2.60309 0.000213016
 2.60312 0.000211007
 2.60314 0.000209531
 2.60316 0.000208364
 2.60319 0.000206037
 2.6032 0.000205716
 2.60324 0.000203063
 2.60324 0.000202534
 2.60328 0.000200405
 2.60329 0.000199021
 2.60331 0.000197742
 2.60335 0.000195499
 2.60335 0.000195075
 2.60339 0.000192403
 2.6034 0.000191968
 2.60343 0.000189726
 2.60345 0.000188428
 2.60347 0.000187044
 2.6035 0.000184878
 2.60351 0.000184357
 2.60354 0.000181666
 2.60355 0.000181319
 2.60358 0.000178969
 2.6036 0.000177751
 2.60362 0.000176268
 2.60365 0.000174173
 2.60366 0.000173562
 2.6037 0.000170851
 2.6037 0.000170586
 2.60374 0.000168135
 2.60375 0.000166989
 2.60378 0.000165414
 2.6038 0.000163383
 2.60381 0.000162689
 2.60385 0.000159958
 2.60386 0.000159768
 2.60389 0.000157223
 2.60391 0.000156143
 2.60393 0.000154483
 2.60396 0.000152508
 2.60397 0.000151737
 2.60401 0.000148987
 2.60401 0.000148865
 2.60405 0.000146232
 2.60406 0.000145211
 2.60409 0.000143472
 2.60411 0.000141548
 2.60412 0.000140708
 2.60416 0.000137938
 2.60416 0.000137876
 2.6042 0.000135163
 2.60422 0.000134194
 2.60424 0.000132384
 2.60427 0.000130502
 2.60428 0.000129599
 2.60432 0.000126809
 2.60432 0.000126801
 2.60436 0.000124015
 2.60437 0.00012309
 2.6044 0.000121216
 2.60442 0.00011937
 2.60444 0.000118411
 2.60447 0.00011564
 2.60447 0.000115602
 2.60451 0.000112787
 2.60453 0.0001119
 2.60455 0.000109968
 2.60458 0.00010815
 2.60459 0.000107144
 2.60463 0.000104391
 2.60463 0.000104315
 2.60467 0.00010148
 2.60468 0.000100622
 2.60471 9.8641e-05
 2.60473 9.68433e-05
 2.60475 9.57967e-05
 2.60479 9.30548e-05
 2.60479 9.29474e-05
 2.60483 9.00931e-05
 2.60484 8.92565e-05
 2.60487 8.72337e-05
 2.60489 8.54484e-05
 2.60491 8.43694e-05
 2.60494 8.16304e-05
 2.60494 8.15e-05
 2.60498 7.86255e-05
 2.605 7.78026e-05
 2.60502 7.57461e-05
 2.60505 7.39649e-05
 2.60506 7.28615e-05
 2.6051 7.01173e-05
 2.6051 6.9972e-05
 2.60514 6.70774e-05
 2.60515 6.62598e-05
 2.60518 6.41777e-05
 2.60521 6.23924e-05
 2.60522 6.12729e-05
 2.60526 5.8515e-05
 2.60526 5.83631e-05
 2.6053 5.54482e-05
 2.60531 5.46277e-05
 2.60534 5.25282e-05
 2.60536 5.07304e-05
 2.60538 4.96031e-05
 2.60542 4.6823e-05
 2.60542 4.66729e-05
 2.60546 4.37377e-05
 2.60547 4.29057e-05
 2.6055 4.07973e-05
 2.60552 3.89783e-05
 2.60554 3.78518e-05
 2.60557 3.50408e-05
 2.60558 3.49012e-05
 2.60562 3.19455e-05
 2.60563 3.10933e-05
 2.60566 2.89846e-05
 2.60568 2.71356e-05
 2.6057 2.60187e-05
 2.60573 2.31678e-05
 2.60574 2.30475e-05
 2.60578 2.00713e-05
 2.60579 1.91899e-05
 2.60581 1.70899e-05
 2.60584 1.52018e-05
 2.60585 1.41033e-05
 2.60589 1.12035e-05
 2.60589 1.11116e-05
 2.60593 8.11477e-06
 2.60595 7.19505e-06
 2.60597 5.11274e-06
 2.606 3.17635e-06
 2.60601 0
 2.60633 0
 3.8 0
